331	18																	
2012.916667	32	84.87882	10	24.98298	121.54024	4051833.507	1024	7204.414085	100	624.1492897	14772.02994	8156003197	32768	611502.1663	1000	15593.10922	1795396.064	37.9
2012.916667	19.5	306.5947	9	24.98034	121.53951	4051833.507	380.25	94000.31007	81	624.0173865	14771.85249	8156003197	7414.875	28819996.87	729	15588.16648	1795363.714	42.2
2013.583333	13.3	561.9845	5	24.98746	121.54391	4054517.84	176.89	315826.5782	25	624.3731573	14772.92206	8164109547	2352.637	177489641.7	125	15601.49929	1795558.709	47.3
2013.5	13.3	561.9845	5	24.98746	121.54391	4054182.25	176.89	315826.5782	25	624.3731573	14772.92206	8163095960	2352.637	177489641.7	125	15601.49929	1795558.709	54.8
2012.833333	5	390.5684	5	24.97937	121.54245	4051498.028	25	152543.6751	25	623.9689256	14772.56715	8154990280	125	59578739.11	125	15586.35066	1795494.004	43.1
2012.666667	7.1	2175.03	3	24.96305	121.51254	4050827.111	50.41	4730755.501	9	623.1538653	14765.29738	8152964699	357.911	10289535137	27	15555.8211	1794168.788	32.1
2012.666667	34.5	623.4731	7	24.97933	121.53642	4050827.111	1190.25	388718.7064	49	623.9669272	14771.10139	8152964699	41063.625	242355656.9	343	15586.27578	1795226.782	40.3
2013.416667	20.3	287.6025	6	24.98042	121.54228	4053846.674	412.09	82715.19801	36	624.0213834	14772.52583	8162082457	8365.427	23789097.73	216	15588.31625	1795486.47	46.7
2013.5	31.7	5512.038	1	24.95095	121.48458	4054182.25	1004.89	30382562.91	1	622.5499059	14758.50318	8163095960	31855.013	1.6747E+11	1	15533.21157	1792930.56	18.8
2013.416667	17.9	1783.18	3	24.96731	121.51486	4053846.674	320.41	3179730.912	9	623.3665686	14765.8612	8162082457	5735.339	5670032568	27	15563.78636	1794271.557	22.1
2013.083333	34.8	405.2134	1	24.97349	121.53372	4052504.507	1211.04	164197.8995	1	623.6752028	14770.4451	8158029281	42144.192	66535189.15	1	15575.34644	1795107.139	41.4
2013.333333	6.3	90.45606	9	24.97433	121.5431	4053511.111	39.69	8182.298791	81	623.7171589	14772.72516	8161069037	250.047	740138.5104	729	15576.91815	1795522.811	58.1
2012.916667	13	492.2313	5	24.96515	121.53737	4051833.507	169	242291.6527	25	623.2587145	14771.33231	8156003197	2197	119263535.2	125	15559.7473	1795268.88	39.3
2012.666667	20.4	2469.645	4	24.96108	121.51046	4050827.111	416.16	6099146.426	16	623.0555148	14764.79189	8152964699	8489.664	15062726475	64	15552.13855	1794076.654	23.8
2013.5	13.2	1164.838	4	24.99156	121.53406	4054182.25	174.24	1356847.566	16	624.5780712	14770.52774	8163095960	2299.968	1580507605	64	15609.18034	1795122.205	34.3
2013.583333	35.7	579.2083	2	24.9824	121.54619	4054517.84	1274.49	335482.2548	4	624.1203098	14773.4763	8164109547	45499.293	194314106.5	8	15592.02323	1795659.758	50.5
2013.25	0	292.9978	6	24.97744	121.54458	4053175.563	0	85847.7108	36	623.872509	14773.08493	8160055701	0	25153190.4	216	15582.73816	1795588.403	70.1
2012.75	17.7	350.8515	1	24.97544	121.53119	4051162.563	313.29	123096.7751	1	623.7726032	14769.83014	8153977448	5545.233	43188688.17	1	15578.99522	1794995.033	37.4
2013.416667	16.9	368.1363	8	24.9675	121.54451	4053846.674	285.61	135524.3354	64	623.3760563	14773.06791	8162082457	4826.809	49891427.39	512	15564.14168	1795585.3	42.3
2012.666667	1.5	23.38284	7	24.96772	121.54102	4050827.111	2.25	546.7572065	49	623.387042	14772.21954	8152964699	3.375	12784.73628	343	15564.55312	1795430.631	47.7
2013.416667	4.5	2275.877	3	24.96314	121.51151	4053846.674	20.25	5179616.119	9	623.1583587	14765.04706	8162082457	91.125	11788169194	27	15555.98935	1794123.164	29.3
2013.416667	10.5	279.1726	7	24.97528	121.54541	4053846.674	110.25	77937.34059	49	623.7646111	14773.28669	8162082457	1157.625	21757970.01	343	15578.69582	1795625.188	51.6
2012.916667	14.7	1360.139	1	24.95204	121.54842	4051833.507	216.09	1849978.099	1	622.6043002	14774.0184	8156003197	3176.523	2516227362	1	15535.2474	1795758.594	24.6
2013.083333	10.1	279.1726	7	24.97528	121.54541	4052504.507	102.01	77937.34059	49	623.7646111	14773.28669	8158029281	1030.301	21757970.01	343	15578.69582	1795625.188	47.9
2013	39.6	480.6977	4	24.97353	121.53885	4052169	1568.16	231070.2788	16	623.6772007	14771.69206	8157016197	62099.136	111074951.6	64	15575.42128	1795334.465	38.8
2013.083333	29.3	1487.868	2	24.97542	121.51726	4052504.507	858.49	2213751.185	4	623.7716042	14766.44448	8158029281	25153.757	3293769549	8	15578.9578	1794377.873	27
2012.666667	3.1	383.8624	5	24.98085	121.54391	4050827.111	9.61	147350.3421	25	624.0428667	14772.92206	8152964699	29.791	56562255.97	125	15589.12125	1795558.709	56.2
2013.25	10.4	276.449	5	24.95593	121.53913	4053175.563	108.16	76424.0496	25	622.7984422	14771.76012	8160055701	1124.864	21127352.09	125	15542.51433	1795346.874	33.6
2013.5	19.2	557.478	4	24.97419	121.53797	4054182.25	368.64	310781.7205	16	623.7101662	14771.47815	8163095960	7077.888	173253972	64	15576.65619	1795295.468	47
2013.083333	7.1	451.2438	5	24.97563	121.54694	4052504.507	50.41	203620.967	25	623.7820939	14773.65862	8158029281	357.911	91882698.93	125	15579.35078	1795692.998	57.1
2013.5	25.9	4519.69	0	24.94826	121.49587	4054182.25	670.81	20427597.7	0	622.415677	14761.24643	8163095960	17373.979	92326409031	0	15528.18814	1793430.477	22.1
2012.75	29.6	769.4034	7	24.98281	121.53408	4051162.563	876.16	591981.5919	49	624.1407955	14770.5326	8153977448	25934.336	455472649.6	343	15592.79091	1795123.091	25
2012.75	37.9	488.5727	1	24.97349	121.53451	4051162.563	1436.41	238703.2832	1	623.6752028	14770.63712	8153977448	54439.939	116623907.6	1	15575.34644	1795142.145	34.2
2013.25	16.5	323.655	6	24.97841	121.54281	4053175.563	272.25	104752.559	36	623.9209661	14772.65466	8160055701	4492.125	33903689.49	216	15584.5537	1795509.959	49.3
2012.75	15.4	205.367	7	24.98419	121.54243	4051162.563	237.16	42175.60469	49	624.20975	14772.56229	8153977448	3652.264	8661477.408	343	15595.37499	1795493.118	55.1
2013.5	13.9	4079.418	0	25.01459	121.51816	4054182.25	193.21	16641651.22	0	625.7297129	14766.66321	8163095960	2685.619	67888251531	0	15652.37222	1794417.743	27.3
2012.916667	14.7	1935.009	2	24.96386	121.51458	4051833.507	216.09	3744259.83	4	623.1943061	14765.79315	8156003197	3176.523	7245176470	8	15557.33541	1794259.153	22.9
2013.166667	12	1360.139	1	24.95204	121.54842	4052840.028	144	1849978.099	1	622.6043002	14774.0184	8159042450	1728	2516227362	1	15535.2474	1795758.594	25.3
2012.666667	3.1	577.9615	6	24.97201	121.54722	4050827.111	9.61	334039.4955	36	623.6012834	14773.72669	8152964699	29.791	193061967.9	216	15572.57749	1795705.408	47.7
2013.166667	16.2	289.3248	5	24.98203	121.54348	4052840.028	262.44	83708.8399	25	624.1018229	14772.81753	8159042450	4251.528	24219043.36	125	15591.33046	1795539.652	46.2
2013	13.6	4082.015	0	24.94155	121.50381	4052169	184.96	16662846.46	0	622.0809164	14763.17584	8157016197	2515.456	68017989193	0	15515.66228	1793782.113	15.9
2013.5	16.8	4066.587	0	24.94297	121.50342	4054182.25	282.24	16537129.83	0	622.1517524	14763.08107	8163095960	4741.632	67249677178	0	15518.3125	1793764.84	18.2
2013.416667	36.1	519.4617	5	24.96305	121.53758	4053846.674	1303.21	269840.4578	25	623.1538653	14771.38335	8162082457	47045.881	140171782.9	125	15555.8211	1795278.186	34.7
2012.75	34.4	512.7871	6	24.98748	121.54301	4051162.563	1183.36	262950.6099	36	624.3741568	14772.70328	8153977448	40707.584	134837680.7	216	15601.53675	1795518.822	34.1
2013.583333	2.7	533.4762	4	24.97445	121.54765	4054517.84	7.29	284596.856	16	623.7231528	14773.83122	8164109547	19.683	151825649.3	64	15577.14269	1795724.466	53.9
2013.083333	36.6	488.8193	8	24.97015	121.54494	4052504.507	1339.56	238944.3081	64	623.508391	14773.17244	8158029281	49027.896	116800589.4	512	15569.09805	1795604.358	38.3
2013.416667	21.7	463.9623	9	24.9703	121.54458	4053846.674	470.89	215261.0158	81	623.5158821	14773.08493	8162082457	10218.313	99872996	729	15569.37863	1795588.403	42
2013.583333	35.9	640.7391	3	24.97563	121.53715	4054517.84	1288.81	410546.5943	9	623.7820939	14771.27883	8164109547	46268.279	263053255.3	27	15579.35078	1795259.131	61.5
2013.416667	24.2	4605.749	0	24.94684	121.49578	4053846.674	585.64	21212923.85	0	622.344826	14761.22456	8162082457	14172.488	97701402814	0	15525.5368	1793426.491	13.4
2012.666667	29.4	4510.359	1	24.94925	121.49542	4050827.111	864.36	20343338.31	1	622.4650756	14761.13708	8152964699	25412.184	91755759032	1	15530.03679	1793410.549	13.2
2013.416667	21.7	512.5487	4	24.974	121.53842	4053846.674	470.89	262706.1699	16	623.700676	14771.58754	8162082457	10218.313	134649705.8	64	15576.30068	1795315.41	44.2
2013.083333	31.3	1758.406	1	24.95402	121.55282	4052504.507	979.69	3091991.661	1	622.7031142	14775.08805	8158029281	30664.297	5436976688	1	15538.94596	1795953.618	20.7
2013.583333	32.1	1438.579	3	24.97419	121.5175	4054517.84	1030.41	2069509.539	9	623.7101662	14766.50281	8164109547	33076.161	2977152963	27	15576.65619	1794388.505	27
2013.083333	13.3	492.2313	5	24.96515	121.53737	4052504.507	176.89	242291.6527	25	623.2587145	14771.33231	8158029281	2352.637	119263535.2	125	15559.7473	1795268.88	38.9
2013.083333	16.1	289.3248	5	24.98203	121.54348	4052504.507	259.21	83708.8399	25	624.1018229	14772.81753	8158029281	4173.281	24219043.36	125	15591.33046	1795539.652	51.7
2012.833333	31.7	1160.632	0	24.94968	121.53009	4051498.028	1004.89	1347066.639	0	622.4865321	14769.56278	8154990280	31855.013	1563448648	0	15530.83978	1794946.293	13.7
2013.416667	33.6	371.2495	8	24.97254	121.54059	4053846.674	1128.96	137826.1913	64	623.6277541	14772.11502	8162082457	37933.056	51167904.59	512	15573.56903	1795411.575	41.9
2012.916667	3.5	56.47425	7	24.95744	121.53711	4051833.507	12.25	3189.340913	49	622.8738114	14771.26911	8156003197	42.875	180115.6361	343	15545.33577	1795257.358	53.5
2013.5	30.3	4510.359	1	24.94925	121.49542	4054182.25	918.09	20343338.31	1	622.4650756	14761.13708	8163095960	27818.127	91755759032	1	15530.03679	1793410.549	22.6
2013.083333	13.3	336.0532	5	24.95776	121.53438	4052504.507	176.89	112931.7532	25	622.8897842	14770.60552	8158029281	2352.637	37951077.05	125	15545.93374	1795136.384	42.4
2013.416667	11	1931.207	2	24.96365	121.51471	4053846.674	121	3729560.477	4	623.1838213	14765.82475	8162082457	1331	7202553300	8	15556.9428	1794264.912	21.3
2013.5	5.3	259.6607	6	24.97585	121.54516	4054182.25	28.09	67423.67912	36	623.7930832	14773.22592	8163095960	148.877	17507279.72	216	15579.76248	1795614.108	63.2
2012.916667	17.2	2175.877	3	24.96303	121.51254	4051833.507	295.84	4734440.719	9	623.1528668	14765.29738	8156003197	5088.448	10301560669	27	15555.78371	1794168.788	27.7
2013.583333	2.6	533.4762	4	24.97445	121.54765	4054517.84	6.76	284596.856	16	623.7231528	14773.83122	8164109547	17.576	151825649.3	64	15577.14269	1795724.466	55
2013.333333	17.5	995.7554	0	24.96305	121.54915	4053511.111	306.25	991528.8166	0	623.1538653	14774.19587	8161069037	5359.375	987320173.4	0	15555.8211	1795790.949	25.3
2013.416667	40.1	123.7429	8	24.97635	121.54329	4053846.674	1608.01	15312.3053	64	623.8180593	14772.77134	8162082457	64481.201	1894789.064	512	15580.69819	1795531.232	44.3
2013	1	193.5845	6	24.96571	121.54089	4052169	1	37474.95864	36	623.2866758	14772.18794	8157016197	1	7254571.131	216	15560.79439	1795424.87	50.7
2013.5	8.5	104.8101	5	24.96674	121.54067	4054182.25	72.25	10985.15706	25	623.3381062	14772.13446	8163095960	614.125	1151355.41	125	15562.72043	1795415.12	56.8
2013.416667	30.4	464.223	6	24.97964	121.53805	4053846.674	924.16	215502.9937	36	623.9824145	14771.4976	8162082457	28094.464	100041446.3	216	15586.85608	1795299.014	36.2
2012.833333	12.5	561.9845	5	24.98746	121.54391	4051498.028	156.25	315826.5782	25	624.3731573	14772.92206	8154990280	1953.125	177489641.7	125	15601.49929	1795558.709	42
2013.583333	6.6	90.45606	9	24.97433	121.5431	4054517.84	43.56	8182.298791	81	623.7171589	14772.72516	8164109547	287.496	740138.5104	729	15576.91815	1795522.811	59
2013.083333	35.5	640.7391	3	24.97563	121.53715	4052504.507	1260.25	410546.5943	9	623.7820939	14771.27883	8158029281	44738.875	263053255.3	27	15579.35078	1795259.131	40.8
2013.583333	32.5	424.5442	8	24.97587	121.53913	4054517.84	1056.25	180237.7778	64	623.7940823	14771.76012	8164109547	34328.125	76518903.17	512	15579.79991	1795346.874	36.3
2013.166667	13.8	4082.015	0	24.94155	121.50381	4052840.028	190.44	16662846.46	0	622.0809164	14763.17584	8159042450	2628.072	68017989193	0	15515.66228	1793782.113	20
2012.916667	6.8	379.5575	10	24.98343	121.53762	4051833.507	46.24	144063.8958	100	624.1717746	14771.39308	8156003197	314.432	54680532.13	1000	15593.95184	1795279.958	54.4
2013.5	12.3	1360.139	1	24.95204	121.54842	4054182.25	151.29	1849978.099	1	622.6043002	14774.0184	8163095960	1860.867	2516227362	1	15535.2474	1795758.594	29.5
2013.583333	35.9	616.4004	3	24.97723	121.53767	4054517.84	1288.81	379949.4531	9	623.8620185	14771.40523	8164109547	46268.279	234200994.9	27	15582.34512	1795282.174	36.8
2012.833333	20.5	2185.128	3	24.96322	121.51237	4051498.028	420.25	4774784.376	9	623.1623528	14765.25606	8154990280	8615.125	10433515035	27	15556.13891	1794161.258	25.6
2012.916667	38.2	552.4371	2	24.97598	121.53381	4051833.507	1459.24	305186.7495	4	623.799577	14770.46697	8156003197	55742.968	168596482.8	8	15580.00576	1795111.127	29.8
2013	18	1414.837	1	24.95182	121.54887	4052169	324	2001763.737	1	622.5933213	14774.1278	8157016197	5832	2832169400	1	15534.83649	1795778.539	26.5
2013.5	11.8	533.4762	4	24.97445	121.54765	4054182.25	139.24	284596.856	16	623.7231528	14773.83122	8163095960	1643.032	151825649.3	64	15577.14269	1795724.466	40.3
2013	30.8	377.7956	6	24.96427	121.53964	4052169	948.64	142729.5154	36	623.2147766	14771.88409	8157016197	29218.112	53922582.9	216	15558.10195	1795369.475	36.8
2013.083333	13.2	150.9347	7	24.96725	121.54252	4052504.507	174.24	22781.28366	49	623.3635726	14772.58417	8158029281	2299.968	3438486.215	343	15563.67416	1795497.107	48.1
2012.916667	25.3	2707.392	3	24.96056	121.50831	4051833.507	640.09	7329971.442	9	623.0295555	14764.2694	8156003197	16194.277	19845106041	27	15551.1666	1793981.423	17.7
2013.083333	15.1	383.2805	7	24.96735	121.54464	4052504.507	228.01	146903.9417	49	623.368566	14773.09951	8158029281	3442.951	56305416.22	343	15563.86117	1795591.062	43.7
2012.75	0	338.9679	9	24.96853	121.54413	4051162.563	0	114899.2372	81	623.4274904	14772.97554	8153977448	0	38947153.16	729	15566.068	1795568.459	50.8
2012.833333	1.8	1455.798	1	24.9512	121.549	4051498.028	3.24	2119347.817	1	622.5623814	14774.1594	8154990280	5.832	3085342313	1	15533.67849	1795784.301	27
2013.583333	16.9	4066.587	0	24.94297	121.50342	4054517.84	285.61	16537129.83	0	622.1517524	14763.08107	8164109547	4826.809	67249677178	0	15518.3125	1793764.84	18.3
2012.916667	8.9	1406.43	0	24.98573	121.52758	4051833.507	79.21	1978045.345	0	624.2867036	14768.9527	8156003197	704.969	2781982314	0	15598.25902	1794835.081	48
2013.5	23	3947.945	0	24.94783	121.50243	4054182.25	529	15586269.72	0	622.3942217	14762.8405	8163095960	12167	61533735622	0	15527.38524	1793720.994	25.3
2012.833333	0	274.0144	1	24.9748	121.53059	4051498.028	0	75083.89141	1	623.740635	14769.68431	8154990280	0	20574067.45	1	15577.79761	1794968.448	45.4
2013.25	9.1	1402.016	0	24.98569	121.5276	4053175.563	82.81	1965648.864	0	624.2847048	14768.95756	8160055701	753.571	2755871158	0	15598.18411	1794835.967	43.2
2012.916667	20.6	2469.645	4	24.96108	121.51046	4051833.507	424.36	6099146.426	16	623.0555148	14764.79189	8156003197	8741.816	15062726475	64	15552.13855	1794076.654	21.8
2012.916667	31.9	1146.329	0	24.9492	121.53076	4051833.507	1017.61	1314070.176	0	622.4625806	14769.72563	8156003197	32461.759	1506356751	0	15529.94342	1794975.98	16.1
2012.916667	40.9	167.5989	5	24.9663	121.54026	4051833.507	1672.81	28089.39128	25	623.3161357	14772.0348	8156003197	68417.929	4707751.08	125	15561.89764	1795396.95	41
2012.916667	8	104.8101	5	24.96674	121.54067	4051833.507	64	10985.15706	25	623.3381062	14772.13446	8156003197	512	1151355.41	125	15562.72043	1795415.12	51.8
2013.416667	6.4	90.45606	9	24.97433	121.5431	4053846.674	40.96	8182.298791	81	623.7171589	14772.72516	8162082457	262.144	740138.5104	729	15576.91815	1795522.811	59.5
2013.083333	28.4	617.4424	3	24.97746	121.53299	4052504.507	806.56	381235.1173	9	623.8735081	14770.26766	8158029281	22906.304	235390725.8	27	15582.77559	1795074.792	34.6
2013.416667	16.4	289.3248	5	24.98203	121.54348	4053846.674	268.96	83708.8399	25	624.1018229	14772.81753	8162082457	4410.944	24219043.36	125	15591.33046	1795539.652	51
2013.416667	6.4	90.45606	9	24.97433	121.5431	4053846.674	40.96	8182.298791	81	623.7171589	14772.72516	8162082457	262.144	740138.5104	729	15576.91815	1795522.811	62.2
2013.5	17.5	964.7496	4	24.98872	121.53411	4054182.25	306.25	930741.7907	16	624.4361272	14770.53989	8163095960	5359.375	897932770.3	64	15603.85954	1795124.42	38.2
2012.833333	12.7	170.1289	1	24.97371	121.52984	4051498.028	161.29	28943.84262	1	623.6861912	14769.50201	8154990280	2048.383	4924184.106	1	15575.75807	1794935.216	32.9
2013.083333	1.1	193.5845	6	24.96571	121.54089	4052504.507	1.21	37474.95864	36	623.2866758	14772.18794	8158029281	1.331	7254571.131	216	15560.79439	1795424.87	54.4
2012.75	0	208.3905	6	24.95618	121.53844	4051162.563	0	43426.60049	36	622.8109202	14771.5924	8153977448	0	9049690.989	216	15542.98143	1795316.296	45.7
2012.666667	32.7	392.4459	6	24.96398	121.5425	4050827.111	1069.29	154013.7844	36	623.2002974	14772.57931	8152964699	34965.783	60442078.24	216	15557.55976	1795496.22	30.5
2012.833333	0	292.9978	6	24.97744	121.54458	4051498.028	0	85847.7108	36	623.872509	14773.08493	8154990280	0	25153190.4	216	15582.73816	1795588.403	71
2013.083333	17.2	189.5181	8	24.97707	121.54308	4052504.507	295.84	35917.11023	64	623.8540258	14772.7203	8158029281	5088.448	6806942.488	512	15582.04567	1795521.925	47.1
2013.333333	12.2	1360.139	1	24.95204	121.54842	4053511.111	148.84	1849978.099	1	622.6043002	14774.0184	8161069037	1815.848	2516227362	1	15535.2474	1795758.594	26.6
2013.416667	31.4	592.5006	2	24.9726	121.53561	4053846.674	985.96	351056.961	4	623.6307508	14770.9045	8162082457	30959.144	208001460	8	15573.68129	1795190.888	34.1
2013.583333	4	2147.376	3	24.96299	121.51284	4054517.84	16	4611223.685	9	623.1508697	14765.37028	8164109547	64	9902031073	27	15555.70893	1794182.077	28.4
2013.083333	8.1	104.8101	5	24.96674	121.54067	4052504.507	65.61	10985.15706	25	623.3381062	14772.13446	8158029281	531.441	1151355.41	125	15562.72043	1795415.12	51.6
2013.583333	33.3	196.6172	7	24.97701	121.54224	4054517.84	1108.89	38658.32334	49	623.8510285	14772.5161	8164109547	36926.037	7600891.291	343	15581.93338	1795484.698	39.4
2013.416667	9.9	2102.427	3	24.96044	121.51462	4053846.674	98.01	4420199.29	9	623.023565	14765.80287	8162082457	970.299	9293146333	27	15550.94231	1794260.925	23.1
2013.333333	14.8	393.2606	6	24.96172	121.53812	4053511.111	219.04	154653.8995	36	623.0874654	14771.51461	8161069037	3241.792	60819285.31	216	15553.33485	1795302.116	7.6
2012.666667	30.6	143.8383	8	24.98155	121.54142	4050827.111	936.36	20689.45655	64	624.0778404	14772.31678	8152964699	28652.616	2975936.258	512	15590.43177	1795448.358	53.3
2013.083333	20.6	737.9161	2	24.98092	121.54739	4052504.507	424.36	544520.1706	4	624.046364	14773.76802	8158029281	8741.816	401810200.7	8	15589.2523	1795712.943	46.4
2013	30.9	6396.283	1	24.94375	121.47883	4052169	954.81	40912436.22	1	622.1906641	14757.10614	8157016197	29503.629	2.61688E+11	1	15519.76838	1792675.988	12.2
2013	13.6	4197.349	0	24.93885	121.50383	4052169	184.96	17617738.63	0	621.9462393	14763.1807	8157016197	2515.456	73947797612	0	15510.62397	1793782.999	13
2013.5	25.3	1583.722	3	24.96622	121.51709	4054182.25	640.09	2508175.373	9	623.3121411	14766.40316	8163095960	16194.277	3972252519	27	15561.74804	1794370.342	30.6
2013.5	16.6	289.3248	5	24.98203	121.54348	4054182.25	275.56	83708.8399	25	624.1018229	14772.81753	8163095960	4574.296	24219043.36	125	15591.33046	1795539.652	59.6
2013.166667	13.3	492.2313	5	24.96515	121.53737	4052840.028	176.89	242291.6527	25	623.2587145	14771.33231	8159042450	2352.637	119263535.2	125	15559.7473	1795268.88	31.3
2013.5	13.6	492.2313	5	24.96515	121.53737	4054182.25	184.96	242291.6527	25	623.2587145	14771.33231	8163095960	2515.456	119263535.2	125	15559.7473	1795268.88	48
2013.25	31.5	414.9476	4	24.98199	121.54464	4053175.563	992.25	172181.5107	16	624.0998244	14773.09951	8160055701	31255.875	71446304.65	64	15591.25557	1795591.062	32.5
2013.416667	0	185.4296	0	24.9711	121.5317	4053846.674	0	34384.13656	0	623.5558352	14769.9541	8162082457	0	6375836.688	0	15570.87512	1795017.631	45.5
2012.916667	9.9	279.1726	7	24.97528	121.54541	4051833.507	98.01	77937.34059	49	623.7646111	14773.28669	8156003197	970.299	21757970.01	343	15578.69582	1795625.188	57.4
2013.166667	1.1	193.5845	6	24.96571	121.54089	4052840.028	1.21	37474.95864	36	623.2866758	14772.18794	8159042450	1.331	7254571.131	216	15560.79439	1795424.87	48.6
2013.083333	38.6	804.6897	4	24.97838	121.53477	4052504.507	1489.96	647525.5133	16	623.9194674	14770.70032	8158029281	57512.456	521057111	64	15584.49755	1795153.666	62.9
2013.25	3.8	383.8624	5	24.98085	121.54391	4053175.563	14.44	147350.3421	25	624.0428667	14772.92206	8160055701	54.872	56562255.97	125	15589.12125	1795558.709	55
2013.083333	41.3	124.9912	6	24.96674	121.54039	4052504.507	1705.69	15622.80008	36	623.3381062	14772.0664	8158029281	70444.997	1952712.529	216	15562.72043	1795402.712	60.7
2013.416667	38.5	216.8329	7	24.98086	121.54162	4053846.674	1482.25	47016.50652	49	624.0433663	14772.36539	8162082457	57066.625	10194725.46	343	15589.13997	1795457.221	41
2013.25	29.6	535.527	8	24.98092	121.53653	4053175.563	876.16	286789.1677	64	624.046364	14771.12812	8160055701	25934.336	153583342.6	512	15589.2523	1795231.656	37.5
2013.5	4	2147.376	3	24.96299	121.51284	4054182.25	16	4611223.685	9	623.1508697	14765.37028	8163095960	64	9902031073	27	15555.70893	1794182.077	30.7
2013.166667	26.6	482.7581	5	24.97433	121.53863	4052840.028	707.56	233055.3831	25	623.7171589	14771.63858	8159042450	18821.096	112509373.9	125	15576.91815	1795324.716	37.5
2012.833333	18	373.3937	8	24.9866	121.54082	4051498.028	324	139422.8552	64	624.3301796	14772.17093	8154990280	5832	52059615.77	512	15599.88846	1795421.768	39.5
2012.666667	33.4	186.9686	6	24.96604	121.54211	4050827.111	1115.56	34957.25739	36	623.3031533	14772.4845	8152964699	37259.704	6535909.473	216	15561.41146	1795478.936	42.2
2012.916667	18.9	1009.235	0	24.96357	121.54951	4051833.507	357.21	1018555.285	0	623.1798271	14774.28338	8156003197	6751.269	1027961643	0	15556.79324	1795806.906	20.8
2012.75	11.4	390.5684	5	24.97937	121.54245	4051162.563	129.96	152543.6751	25	623.9689256	14772.56715	8153977448	1481.544	59578739.11	125	15586.35066	1795494.004	46.8
2013.5	13.6	319.0708	6	24.96495	121.54277	4054182.25	184.96	101806.1754	36	623.2487285	14772.64494	8163095960	2515.456	32483377.83	216	15559.37334	1795508.186	47.4
2013.166667	10	942.4664	0	24.97843	121.52406	4052840.028	100	888242.9151	0	623.9219653	14768.09716	8159042450	1000	837139102.5	0	15584.59113	1794679.125	43.5
2012.666667	12.9	492.2313	5	24.96515	121.53737	4050827.111	166.41	242291.6527	25	623.2587145	14771.33231	8152964699	2146.689	119263535.2	125	15559.7473	1795268.88	42.5
2013.25	16.2	289.3248	5	24.98203	121.54348	4053175.563	262.44	83708.8399	25	624.1018229	14772.81753	8160055701	4251.528	24219043.36	125	15591.33046	1795539.652	51.4
2013.333333	5.1	1559.827	3	24.97213	121.51627	4053511.111	26.01	2433060.27	9	623.6072767	14766.20387	8161069037	132.651	3795153102	27	15572.80198	1794334.017	28.9
2013.416667	19.8	640.6071	5	24.97017	121.54647	4053846.674	392.04	410377.4566	25	623.5093898	14773.54437	8162082457	7762.392	262890712.4	125	15569.13546	1795672.167	37.5
2013.5	13.6	492.2313	5	24.96515	121.53737	4054182.25	184.96	242291.6527	25	623.2587145	14771.33231	8163095960	2515.456	119263535.2	125	15559.7473	1795268.88	40.1
2013.083333	11.9	1360.139	1	24.95204	121.54842	4052504.507	141.61	1849978.099	1	622.6043002	14774.0184	8158029281	1685.159	2516227362	1	15535.2474	1795758.594	28.4
2012.916667	2.1	451.2438	5	24.97563	121.54694	4051833.507	4.41	203620.967	25	623.7820939	14773.65862	8156003197	9.261	91882698.93	125	15579.35078	1795692.998	45.5
2012.75	0	185.4296	0	24.9711	121.5317	4051162.563	0	34384.13656	0	623.5558352	14769.9541	8153977448	0	6375836.688	0	15570.87512	1795017.631	52.2
2012.75	3.2	489.8821	8	24.97017	121.54494	4051162.563	10.24	239984.4719	64	623.5093898	14773.17244	8153977448	32.768	117564097.1	512	15569.13546	1795604.358	43.2
2013.5	16.4	3780.59	0	24.93293	121.51203	4054182.25	268.96	14292860.75	0	621.6509984	14765.17343	8163095960	4410.944	54035446416	0	15499.58083	1794146.197	45.1
2012.666667	34.9	179.4538	8	24.97349	121.54245	4050827.111	1218.01	32203.66633	64	623.6752028	14772.56715	8152964699	42508.549	5779070.298	512	15575.34644	1795494.004	39.7
2013.25	35.8	170.7311	7	24.96719	121.54269	4053175.563	1281.64	29149.10851	49	623.3605765	14772.62549	8160055701	45882.712	4976659.359	343	15563.56195	1795504.641	48.5
2013.5	4.9	387.7721	9	24.98118	121.53788	4054182.25	24.01	150367.2015	81	624.0593542	14771.45627	8163095960	117.649	58308205.51	729	15589.73906	1795291.48	44.7
2013.333333	12	1360.139	1	24.95204	121.54842	4053511.111	144	1849978.099	1	622.6043002	14774.0184	8161069037	1728	2516227362	1	15535.2474	1795758.594	28.9
2013.25	6.5	376.1709	6	24.95418	121.53713	4053175.563	42.25	141504.546	36	622.7110995	14771.27397	8160055701	274.625	53229892.43	216	15539.24486	1795258.245	40.9
2013.5	16.9	4066.587	0	24.94297	121.50342	4054182.25	285.61	16537129.83	0	622.1517524	14763.08107	8163095960	4826.809	67249677178	0	15518.3125	1793764.84	20.7
2013.166667	13.8	4082.015	0	24.94155	121.50381	4052840.028	190.44	16662846.46	0	622.0809164	14763.17584	8159042450	2628.072	68017989193	0	15515.66228	1793782.113	15.6
2013.583333	30.7	1264.73	0	24.94883	121.52954	4054517.84	942.49	1599541.973	0	622.4441184	14769.42909	8164109547	28934.443	2022988719	0	15529.25249	1794921.924	18.3
2013.25	16.1	815.9314	4	24.97886	121.53464	4053175.563	259.21	665744.0495	16	623.9434469	14770.66872	8160055701	4173.281	543201474.4	64	15585.39601	1795147.905	35.6
2013	11.6	390.5684	5	24.97937	121.54245	4052169	134.56	152543.6751	25	623.9689256	14772.56715	8157016197	1560.896	59578739.11	125	15586.35066	1795494.004	39.4
2012.666667	15.5	815.9314	4	24.97886	121.53464	4050827.111	240.25	665744.0495	16	623.9434469	14770.66872	8152964699	3723.875	543201474.4	64	15585.39601	1795147.905	37.4
2012.916667	3.5	49.66105	8	24.95836	121.53756	4051833.507	12.25	2466.219887	64	622.9197339	14771.37849	8156003197	42.875	122475.0691	512	15547.05497	1795277.3	57.8
2013.416667	19.2	616.4004	3	24.97723	121.53767	4053846.674	368.64	379949.4531	9	623.8620185	14771.40523	8162082457	7077.888	234200994.9	27	15582.34512	1795282.174	39.6
2012.75	16	4066.587	0	24.94297	121.50342	4051162.563	256	16537129.83	0	622.1517524	14763.08107	8153977448	4096	67249677178	0	15518.3125	1793764.84	11.6
2013.5	8.5	104.8101	5	24.96674	121.54067	4054182.25	72.25	10985.15706	25	623.3381062	14772.13446	8163095960	614.125	1151355.41	125	15562.72043	1795415.12	55.5
2012.833333	0	185.4296	0	24.9711	121.5317	4051498.028	0	34384.13656	0	623.5558352	14769.9541	8154990280	0	6375836.688	0	15570.87512	1795017.631	55.2
2012.916667	13.7	1236.564	1	24.97694	121.55391	4051833.507	187.69	1529090.526	1	623.8475318	14775.35304	8156003197	2571.353	1890818297	1	15581.80237	1796001.933	30.6
2013.416667	0	292.9978	6	24.97744	121.54458	4053846.674	0	85847.7108	36	623.872509	14773.08493	8162082457	0	25153190.4	216	15582.73816	1795588.403	73.6
2013.416667	28.2	330.0854	8	24.97408	121.54011	4053846.674	795.24	108956.3713	64	623.7046718	14771.99834	8162082457	22425.768	35964907.4	512	15576.45037	1795390.303	43.4
2013.083333	27.6	515.1122	5	24.96299	121.5432	4052504.507	761.76	265340.5786	25	623.1508697	14772.74947	8158029281	21024.576	136680169.2	125	15555.70893	1795527.243	37.4
2013.416667	8.4	1962.628	1	24.95468	121.55481	4053846.674	70.56	3851908.666	1	622.7360539	14775.57183	8162082457	592.704	7559863802	1	15540.17895	1796041.827	23.5
2013.333333	24	4527.687	0	24.94741	121.49628	4053511.111	576	20499949.57	0	622.3732657	14761.34605	8161069037	13824	92817355169	0	15526.60103	1793448.633	14.4
2013.083333	3.6	383.8624	5	24.98085	121.54391	4052504.507	12.96	147350.3421	25	624.0428667	14772.92206	8158029281	46.656	56562255.97	125	15589.12125	1795558.709	58.8
2013.583333	6.6	90.45606	9	24.97433	121.5431	4054517.84	43.56	8182.298791	81	623.7171589	14772.72516	8164109547	287.496	740138.5104	729	15576.91815	1795522.811	58.1
2013.083333	41.3	401.8807	4	24.98326	121.5446	4052504.507	1705.69	161508.097	16	624.1632802	14773.08979	8158029281	70444.997	64906987.09	64	15593.63351	1795589.289	35.1
2013.416667	4.3	432.0385	7	24.9805	121.53778	4053846.674	18.49	186657.2655	49	624.0253803	14771.43197	8162082457	79.507	80643124.99	343	15588.46601	1795287.049	45.2
2013.083333	30.2	472.1745	3	24.97005	121.53758	4052504.507	912.04	222948.7585	9	623.503397	14771.38335	8158029281	27543.608	105270718.5	27	15568.911	1795278.186	36.5
2012.833333	13.9	4573.779	0	24.94867	121.49507	4051498.028	193.21	20919454.34	0	622.4361348	14761.05203	8154990280	2685.619	95680960956	0	15528.95372	1793395.05	19.2
2013.083333	33	181.0766	9	24.97697	121.54262	4052504.507	1089	32788.73507	81	623.8490304	14772.60848	8158029281	35937	5937272.664	729	15581.85852	1795501.538	42
2013.5	13.1	1144.436	4	24.99176	121.53456	4054182.25	171.61	1309733.758	16	624.5880679	14770.64927	8163095960	2248.091	1498906463	64	15609.55509	1795144.36	36.7
2013.083333	14	438.8513	1	24.97493	121.5273	4052504.507	196	192590.4635	1	623.7471285	14768.88465	8158029281	2744	84518575.28	1	15578.04087	1794822.675	42.6
2012.666667	26.9	4449.27	0	24.94898	121.49621	4050827.111	723.61	19796003.53	0	622.451603	14761.32904	8152964699	19465.109	88077764639	0	15529.5326	1793445.533	15.5
2013.166667	11.6	201.8939	8	24.98489	121.54121	4052840.028	134.56	40761.14686	64	624.2447283	14772.26573	8159042450	1560.896	8229426.907	512	15596.68587	1795439.051	55.9
2013.5	13.5	2147.376	3	24.96299	121.51284	4054182.25	182.25	4611223.685	9	623.1508697	14765.37028	8163095960	2460.375	9902031073	27	15555.70893	1794182.077	23.6
2013.5	17	4082.015	0	24.94155	121.50381	4054182.25	289	16662846.46	0	622.0809164	14763.17584	8163095960	4913	68017989193	0	15515.66228	1793782.113	18.8
2012.75	14.1	2615.465	0	24.95495	121.56174	4051162.563	198.81	6840657.166	0	622.7495295	14777.25663	8153977448	2803.221	17891499395	0	15540.68337	1796349.029	21.8
2012.75	31.4	1447.286	3	24.97285	121.5173	4051162.563	985.96	2094636.766	9	623.6432371	14766.4542	8153977448	30959.144	3031538466	27	15574.14901	1794379.645	21.5
2013.166667	20.9	2185.128	3	24.96322	121.51237	4052840.028	436.81	4774784.376	9	623.1623528	14765.25606	8159042450	9129.329	10433515035	27	15556.13891	1794161.258	25.7
2013	8.9	3078.176	0	24.95464	121.56627	4052169	79.21	9475167.487	0	622.7340575	14778.358	8157016197	704.969	29166233154	0	15540.10422	1796549.859	22
2012.916667	34.8	190.0392	8	24.97707	121.54312	4051833.507	1211.04	36114.89754	64	623.8540258	14772.73002	8156003197	42144.192	6863246.236	512	15582.04567	1795523.697	44.3
2012.916667	16.3	4066.587	0	24.94297	121.50342	4051833.507	265.69	16537129.83	0	622.1517524	14763.08107	8156003197	4330.747	67249677178	0	15518.3125	1793764.84	20.5
2013.5	35.3	616.5735	8	24.97945	121.53642	4054182.25	1246.09	380162.8809	64	623.9729223	14771.10139	8163095960	43986.977	234398358	512	15586.50041	1795226.782	42.3
2013.166667	13.2	750.0704	2	24.97371	121.54951	4052840.028	174.24	562605.605	4	623.6861912	14774.28338	8159042450	2299.968	421993811.2	8	15575.75807	1795806.906	37.8
2013.166667	43.8	57.58945	7	24.9675	121.54069	4052840.028	1918.44	3316.544751	49	623.3760563	14772.13933	8159042450	84027.672	190997.9881	343	15564.14168	1795416.006	42.7
2013.416667	9.7	421.479	5	24.98246	121.54477	4053846.674	94.09	177644.5474	25	624.1233077	14773.13111	8162082457	912.673	74873446.21	125	15592.13557	1795596.823	49.3
2013.5	15.2	3771.895	0	24.93363	121.51158	4054182.25	231.04	14227191.89	0	621.685905	14765.06407	8163095960	3511.808	53663473958	0	15500.88633	1794126.264	29.3
2013.333333	15.2	461.1016	5	24.95425	121.5399	4053511.111	231.04	212614.6855	25	622.7145931	14771.94729	8161069037	3511.808	98036971.68	125	15539.37563	1795380.997	34.6
2013	22.8	707.9067	2	24.981	121.54713	4052169	519.84	501131.8959	4	624.050361	14773.70481	8157016197	11852.352	354754626.7	8	15589.40207	1795701.419	36.6
2013.25	34.4	126.7286	8	24.96881	121.54089	4053175.563	1183.36	16060.13806	64	623.4414728	14772.18794	8160055701	40707.584	2035278.812	512	15566.59168	1795424.87	48.2
2013.083333	34	157.6052	7	24.96628	121.54196	4052504.507	1156	24839.39907	49	623.315137	14772.44804	8158029281	39304	3914818.458	343	15561.86024	1795472.289	39.1
2013.416667	18.2	451.6419	8	24.96945	121.5449	4053846.674	331.24	203980.4058	64	623.4734333	14773.16272	8162082457	6028.568	92126098.05	512	15567.78872	1795602.585	31.6
2013.416667	17.4	995.7554	0	24.96305	121.54915	4053846.674	302.76	991528.8166	0	623.1538653	14774.19587	8162082457	5268.024	987320173.4	0	15555.8211	1795790.949	25.5
2013.416667	13.1	561.9845	5	24.98746	121.54391	4053846.674	171.61	315826.5782	25	624.3731573	14772.92206	8162082457	2248.091	177489641.7	125	15601.49929	1795558.709	45.9
2012.916667	38.3	642.6985	3	24.97559	121.53713	4051833.507	1466.89	413061.3619	9	623.7800958	14771.27397	8156003197	56181.887	265473917.7	27	15579.27592	1795258.245	31.5
2012.666667	15.6	289.3248	5	24.98203	121.54348	4050827.111	243.36	83708.8399	25	624.1018229	14772.81753	8152964699	3796.416	24219043.36	125	15591.33046	1795539.652	46.1
2013	18	1414.837	1	24.95182	121.54887	4052169	324	2001763.737	1	622.5933213	14774.1278	8157016197	5832	2832169400	1	15534.83649	1795778.539	26.6
2013.083333	12.8	1449.722	3	24.97289	121.51728	4052504.507	163.84	2101693.877	9	623.645235	14766.44934	8158029281	2097.152	3046871851	27	15574.22385	1794378.759	21.4
2013.25	22.2	379.5575	10	24.98343	121.53762	4053175.563	492.84	144063.8958	100	624.1717746	14771.39308	8160055701	10941.048	54680532.13	1000	15593.95184	1795279.958	44
2013.083333	38.5	665.0636	3	24.97503	121.53692	4052504.507	1482.25	442309.592	9	623.7521235	14771.22292	8158029281	57066.625	294164009.6	27	15578.228	1795248.939	34.2
2012.75	11.5	1360.139	1	24.95204	121.54842	4051162.563	132.25	1849978.099	1	622.6043002	14774.0184	8153977448	1520.875	2516227362	1	15535.2474	1795758.594	26.2
2012.833333	34.8	175.6294	8	24.97347	121.54271	4051498.028	1211.04	30845.68614	64	623.6742038	14772.63035	8154990280	42144.192	5417409.35	512	15575.30902	1795505.527	40.9
2013.5	5.2	390.5684	5	24.97937	121.54245	4054182.25	27.04	152543.6751	25	623.9689256	14772.56715	8163095960	140.608	59578739.11	125	15586.35066	1795494.004	52.2
2013.083333	0	274.0144	1	24.9748	121.53059	4052504.507	0	75083.89141	1	623.740635	14769.68431	8158029281	0	20574067.45	1	15577.79761	1794968.448	43.5
2013.333333	17.6	1805.665	2	24.98672	121.52091	4053511.111	309.76	3260426.092	4	624.3361764	14767.33157	8161069037	5451.776	5887237280	8	15600.11322	1794539.57	31.1
2013.083333	6.2	90.45606	9	24.97433	121.5431	4052504.507	38.44	8182.298791	81	623.7171589	14772.72516	8158029281	238.328	740138.5104	729	15576.91815	1795522.811	58
2013.583333	18.1	1783.18	3	24.96731	121.51486	4054517.84	327.61	3179730.912	9	623.3665686	14765.8612	8164109547	5929.741	5670032568	27	15563.78636	1794271.557	20.9
2013.333333	19.2	383.7129	8	24.972	121.54477	4053511.111	368.64	147235.5896	64	623.600784	14773.13111	8161069037	7077.888	56496195.08	512	15572.55878	1795596.823	48.1
2013.25	37.8	590.9292	1	24.97153	121.53559	4053175.563	1428.84	349197.3194	1	623.5773105	14770.89964	8160055701	54010.152	206350892.6	1	15571.67952	1795190.002	39.7
2012.916667	28	372.6242	6	24.97838	121.54119	4051833.507	784	138848.7944	36	623.9194674	14772.26087	8156003197	21952	51738420.94	216	15584.49755	1795438.165	40.8
2013.416667	13.6	492.2313	5	24.96515	121.53737	4053846.674	184.96	242291.6527	25	623.2587145	14771.33231	8162082457	2515.456	119263535.2	125	15559.7473	1795268.88	43.8
2012.75	29.3	529.7771	8	24.98102	121.53655	4051162.563	858.49	280663.7757	64	624.0513602	14771.13299	8153977448	25153.757	148689241.2	512	15589.43951	1795232.543	40.2
2013.333333	37.2	186.5101	9	24.97703	121.54265	4053511.111	1383.84	34786.0174	81	623.8520276	14772.61577	8161069037	51478.848	6487943.584	729	15581.97081	1795502.868	78.3
2013.333333	9	1402.016	0	24.98569	121.5276	4053511.111	81	1965648.864	0	624.2847048	14768.95756	8161069037	729	2755871158	0	15598.18411	1794835.967	38.5
2013.583333	30.6	431.1114	10	24.98123	121.53743	4054517.84	936.36	185857.0392	100	624.0618523	14771.34689	8164109547	28652.616	80125088.37	1000	15589.83267	1795271.539	48.5
2013.25	9.1	1402.016	0	24.98569	121.5276	4053175.563	82.81	1965648.864	0	624.2847048	14768.95756	8160055701	753.571	2755871158	0	15598.18411	1794835.967	42.3
2013.333333	34.5	324.9419	6	24.97814	121.5417	4053511.111	1190.25	105587.2384	36	623.9074779	14772.38484	8161069037	41063.625	34309717.85	216	15584.04833	1795460.766	46
2013.25	1.1	193.5845	6	24.96571	121.54089	4053175.563	1.21	37474.95864	36	623.2866758	14772.18794	8160055701	1.331	7254571.131	216	15560.79439	1795424.87	49
2013	16.5	4082.015	0	24.94155	121.50381	4052169	272.25	16662846.46	0	622.0809164	14763.17584	8157016197	4492.125	68017989193	0	15515.66228	1793782.113	12.8
2012.916667	32.4	265.0609	8	24.98059	121.53986	4051833.507	1049.76	70257.28071	64	624.0298767	14771.93757	8156003197	34012.224	18622458.06	512	15588.6345	1795379.224	40.2
2013.416667	11.9	3171.329	0	25.00115	121.51776	4053846.674	141.61	10057327.63	0	625.0575013	14766.566	8162082457	1685.159	31895094764	0	15627.15635	1794400.023	46.6
2013.583333	31	1156.412	0	24.9489	121.53095	4054517.84	961	1337288.714	0	622.4476112	14769.77181	8164109547	29791	1546456716	0	15529.38321	1794984.399	19
2013.5	4	2147.376	3	24.96299	121.51284	4054182.25	16	4611223.685	9	623.1508697	14765.37028	8163095960	64	9902031073	27	15555.70893	1794182.077	33.4
2012.833333	16.2	4074.736	0	24.94235	121.50357	4051498.028	262.44	16603473.47	0	622.1208235	14763.11752	8154990280	4251.528	67654771072	0	15517.15532	1793771.483	14.7
2012.916667	27.1	4412.765	1	24.95032	121.49587	4051833.507	734.41	19472494.95	1	622.5184681	14761.24643	8156003197	19902.511	85927544157	1	15532.03499	1793430.477	17.4
2013.333333	39.7	333.3679	9	24.98016	121.53932	4053511.111	1576.09	111134.1568	81	624.0083936	14771.80631	8161069037	62570.773	37048560.45	729	15587.82951	1795355.294	32.4
2013.25	8	2216.612	4	24.96007	121.51361	4053175.563	64	4913368.759	16	623.0050944	14765.55742	8160055701	512	10891032151	64	15550.25077	1794216.185	23.9
2012.75	12.9	250.631	7	24.96606	121.54297	4051162.563	166.41	62815.89816	49	623.3041519	14772.69356	8153977448	2146.689	15743611.37	343	15561.44886	1795517.05	39.3
2013.166667	3.6	373.8389	10	24.98322	121.53765	4052840.028	12.96	139755.5232	100	624.1612816	14771.40037	8159042450	46.656	52246051.04	1000	15593.55861	1795281.288	61.9
2013.166667	13	732.8528	0	24.97668	121.52518	4052840.028	169	537073.2265	0	623.8345438	14768.36937	8159042450	2197	393595617.8	0	15581.31577	1794728.746	39
2013.083333	12.8	732.8528	0	24.97668	121.52518	4052504.507	163.84	537073.2265	0	623.8345438	14768.36937	8158029281	2097.152	393595617.8	0	15581.31577	1794728.746	40.6
2013.5	18.1	837.7233	0	24.96334	121.54767	4054182.25	327.61	701780.3274	0	623.168344	14773.83608	8163095960	5929.741	587897731.7	0	15556.36325	1795725.353	29.7
2013.083333	11	1712.632	2	24.96412	121.5167	4052504.507	121	2933108.367	4	623.2072874	14766.30838	8158029281	1331	5023335250	8	15557.82151	1794353.065	28.8
2013.5	13.7	250.631	7	24.96606	121.54297	4054182.25	187.69	62815.89816	49	623.3041519	14772.69356	8163095960	2571.353	15743611.37	343	15561.44886	1795517.05	41.4
2012.833333	2	2077.39	3	24.96357	121.51329	4051498.028	4	4315549.212	9	623.1798271	14765.47965	8154990280	8	8965078778	27	15556.79324	1794202.01	33.4
2013.416667	32.8	204.1705	8	24.98236	121.53923	4053846.674	1075.84	41685.59307	64	624.1183112	14771.78443	8162082457	35287.552	8510968.38	512	15591.94833	1795351.305	48.2
2013.083333	4.8	1559.827	3	24.97213	121.51627	4052504.507	23.04	2433060.27	9	623.6072767	14766.20387	8158029281	110.592	3795153102	27	15572.80198	1794334.017	21.7
2013.416667	7.5	639.6198	5	24.97258	121.54814	4053846.674	56.25	409113.4886	25	623.6297519	14773.95034	8162082457	421.875	261677087.7	125	15573.64387	1795746.184	40.8
2013.416667	16.4	389.8219	6	24.96412	121.54273	4053846.674	268.96	151961.1137	36	623.2072874	14772.63522	8162082457	4410.944	59237770.08	216	15557.82151	1795506.413	40.6
2013.333333	21.7	1055.067	0	24.96211	121.54928	4053511.111	470.89	1113166.374	0	623.1069357	14774.22747	8161069037	10218.313	1174465107	0	15554.06387	1795796.711	23.1
2013	19	1009.235	0	24.96357	121.54951	4052169	361	1018555.285	0	623.1798271	14774.28338	8157016197	6859	1027961643	0	15556.79324	1795806.906	22.3
2012.833333	18	6306.153	1	24.95743	121.47516	4051498.028	324	39767565.66	1	622.8733122	14756.2145	8154990280	5832	2.5078E+11	1	15545.31709	1792513.517	15
2013.166667	39.2	424.7132	7	24.97429	121.53917	4052840.028	1536.64	180381.3023	49	623.715161	14771.76984	8159042450	60236.288	76610320.1	343	15576.84331	1795348.646	30
2012.916667	31.7	1159.454	0	24.9496	121.53018	4051833.507	1004.89	1344333.578	0	622.4825402	14769.58465	8156003197	31855.013	1558692944	0	15530.69038	1794950.281	13.8
2012.833333	5.9	90.45606	9	24.97433	121.5431	4051498.028	34.81	8182.298791	81	623.7171589	14772.72516	8154990280	205.379	740138.5104	729	15576.91815	1795522.811	52.7
2012.666667	30.4	1735.595	2	24.96464	121.51623	4050827.111	924.16	3012290.004	4	623.2332503	14766.19415	8152964699	28094.464	5228115470	8	15558.79373	1794332.245	25.9
2012.666667	1.1	329.9747	5	24.98254	121.54395	4050827.111	1.21	108883.3026	25	624.1273049	14772.93178	8152964699	1.331	35928735.12	125	15592.28536	1795560.482	51.8
2013.416667	31.5	5512.038	1	24.95095	121.48458	4053846.674	992.25	30382562.91	1	622.5499059	14758.50318	8162082457	31255.875	1.6747E+11	1	15533.21157	1792930.56	17.4
2012.666667	14.6	339.2289	1	24.97519	121.53151	4050827.111	213.16	115076.2466	1	623.7601155	14769.90792	8152964699	3112.136	39037188.55	1	15578.5274	1795009.212	26.5
2013.25	17.3	444.1334	1	24.97501	121.5273	4053175.563	299.29	197254.477	1	623.7511245	14768.88465	8160055701	5177.717	87607301.53	1	15578.19057	1794822.675	43.9
2013.416667	0	292.9978	6	24.97744	121.54458	4053846.674	0	85847.7108	36	623.872509	14773.08493	8162082457	0	25153190.4	216	15582.73816	1795588.403	63.3
2013.083333	17.7	837.7233	0	24.96334	121.54767	4052504.507	313.29	701780.3274	0	623.168344	14773.83608	8158029281	5545.233	587897731.7	0	15556.36325	1795725.353	28.8
2013.25	17	1485.097	4	24.97073	121.517	4053175.563	289	2205513.099	16	623.5373567	14766.38129	8160055701	4913	3275400887	64	15570.18298	1794366.355	30.7
2013.166667	16.2	2288.011	3	24.95885	121.51359	4052840.028	262.44	5234994.336	9	622.9441933	14765.55255	8159042450	4251.528	11977724626	27	15547.97068	1794215.299	24.4
2012.916667	15.9	289.3248	5	24.98203	121.54348	4051833.507	252.81	83708.8399	25	624.1018229	14772.81753	8156003197	4019.679	24219043.36	125	15591.33046	1795539.652	53
2013.416667	3.9	2147.376	3	24.96299	121.51284	4053846.674	15.21	4611223.685	9	623.1508697	14765.37028	8162082457	59.319	9902031073	27	15555.70893	1794182.077	31.7
2013.166667	32.6	493.657	7	24.96968	121.54522	4052840.028	1062.76	243697.2336	49	623.4849193	14773.2405	8159042450	34645.976	120302845.3	343	15568.21892	1795616.767	40.6
2012.833333	15.7	815.9314	4	24.97886	121.53464	4051498.028	246.49	665744.0495	16	623.9434469	14770.66872	8154990280	3869.893	543201474.4	64	15585.39601	1795147.905	38.1
2013.25	17.8	1783.18	3	24.96731	121.51486	4053175.563	316.84	3179730.912	9	623.3665686	14765.8612	8160055701	5639.752	5670032568	27	15563.78636	1794271.557	23.7
2012.833333	34.7	482.7581	5	24.97433	121.53863	4051498.028	1204.09	233055.3831	25	623.7171589	14771.63858	8154990280	41781.923	112509373.9	125	15576.91815	1795324.716	41.1
2013.416667	17.2	390.5684	5	24.97937	121.54245	4053846.674	295.84	152543.6751	25	623.9689256	14772.56715	8162082457	5088.448	59578739.11	125	15586.35066	1795494.004	40.1
2013	17.6	837.7233	0	24.96334	121.54767	4052169	309.76	701780.3274	0	623.168344	14773.83608	8157016197	5451.776	587897731.7	0	15556.36325	1795725.353	23
2013.333333	10.8	252.5822	1	24.9746	121.53046	4053511.111	116.64	63797.76776	1	623.7306452	14769.65271	8161069037	1259.712	16114180.54	1	15577.42337	1794962.688	117.5
2012.916667	17.7	451.6419	8	24.96945	121.5449	4051833.507	313.29	203980.4058	64	623.4734333	14773.16272	8156003197	5545.233	92126098.05	512	15567.78872	1795602.585	26.5
2012.75	13	492.2313	5	24.96515	121.53737	4051162.563	169	242291.6527	25	623.2587145	14771.33231	8153977448	2197	119263535.2	125	15559.7473	1795268.88	40.5
2013.416667	13.2	170.1289	1	24.97371	121.52984	4053846.674	174.24	28943.84262	1	623.6861912	14769.50201	8162082457	2299.968	4924184.106	1	15575.75807	1794935.216	29.3
2013.166667	27.5	394.0173	7	24.97305	121.53994	4052840.028	756.25	155249.6327	49	623.6532263	14771.95702	8159042450	20796.875	61171041.1	343	15574.5232	1795382.769	41
2012.666667	1.5	23.38284	7	24.96772	121.54102	4050827.111	2.25	546.7572065	49	623.387042	14772.21954	8152964699	3.375	12784.73628	343	15564.55312	1795430.631	49.7
2013	19.1	461.1016	5	24.95425	121.5399	4052169	364.81	212614.6855	25	622.7145931	14771.94729	8157016197	6967.871	98036971.68	125	15539.37563	1795380.997	34
2013.416667	21.2	2185.128	3	24.96322	121.51237	4053846.674	449.44	4774784.376	9	623.1623528	14765.25606	8162082457	9528.128	10433515035	27	15556.13891	1794161.258	27.7
2012.75	0	208.3905	6	24.95618	121.53844	4051162.563	0	43426.60049	36	622.8109202	14771.5924	8153977448	0	9049690.989	216	15542.98143	1795316.296	44
2013.416667	2.6	1554.25	3	24.97026	121.51642	4053846.674	6.76	2415693.063	9	623.5138845	14766.24033	8162082457	17.576	3754590942	27	15569.30381	1794340.662	31.1
2013.25	2.3	184.3302	6	24.96581	121.54086	4053175.563	5.29	33977.62263	36	623.291669	14772.18065	8160055701	12.167	6263101.975	216	15560.98138	1795423.54	45.4
2013.333333	4.7	387.7721	9	24.98118	121.53788	4053511.111	22.09	150367.2015	81	624.0593542	14771.45627	8161069037	103.823	58308205.51	729	15589.73906	1795291.48	44.8
2012.916667	2	1455.798	1	24.9512	121.549	4051833.507	4	2119347.817	1	622.5623814	14774.1594	8156003197	8	3085342313	1	15533.67849	1795784.301	25.6
2013.416667	33.5	1978.671	2	24.98674	121.51844	4053846.674	1122.25	3915138.926	4	624.3371758	14766.73126	8162082457	37595.375	7746771854	8	15600.15068	1794430.147	23.5
2012.916667	15	383.2805	7	24.96735	121.54464	4051833.507	225	146903.9417	49	623.368566	14773.09951	8156003197	3375	56305416.22	343	15563.86117	1795591.062	34.4
2013.166667	30.1	718.2937	3	24.97509	121.53644	4052840.028	906.01	515945.8395	9	623.7551205	14771.10625	8159042450	27270.901	370600646	27	15578.34027	1795227.668	55.3
2012.916667	5.9	90.45606	9	24.97433	121.5431	4051833.507	34.81	8182.298791	81	623.7171589	14772.72516	8156003197	205.379	740138.5104	729	15576.91815	1795522.811	56.3
2013	19.2	461.1016	5	24.95425	121.5399	4052169	368.64	212614.6855	25	622.7145931	14771.94729	8157016197	7077.888	98036971.68	125	15539.37563	1795380.997	32.9
2013.583333	16.6	323.6912	6	24.97841	121.5428	4054517.84	275.56	104775.993	36	623.9209661	14772.65223	8164109547	4574.296	33915066.89	216	15584.5537	1795509.516	51
2013.333333	13.9	289.3248	5	24.98203	121.54348	4053511.111	193.21	83708.8399	25	624.1018229	14772.81753	8161069037	2685.619	24219043.36	125	15591.33046	1795539.652	44.5
2013.083333	37.7	490.3446	0	24.97217	121.53471	4052504.507	1421.29	240437.8267	0	623.6092745	14770.68573	8158029281	53582.633	117897390	0	15572.87682	1795151.007	37
2012.833333	3.4	56.47425	7	24.95744	121.53711	4051498.028	11.56	3189.340913	49	622.8738114	14771.26911	8154990280	39.304	180115.6361	343	15545.33577	1795257.358	54.4
2013.083333	17.5	395.6747	5	24.95674	121.534	4052504.507	306.25	156558.4682	25	622.8388714	14770.51316	8158029281	5359.375	61946224.95	125	15544.02778	1795119.546	24.5
2012.666667	12.6	383.2805	7	24.96735	121.54464	4050827.111	158.76	146903.9417	49	623.368566	14773.09951	8152964699	2000.376	56305416.22	343	15563.86117	1795591.062	42.5
2013.5	26.4	335.5273	6	24.9796	121.5414	4054182.25	696.96	112578.569	36	623.9804162	14772.31191	8163095960	18399.744	37773183.31	216	15586.7812	1795447.471	38.1
2013.166667	18.2	2179.59	3	24.96299	121.51252	4052840.028	331.24	4750612.568	9	623.1508697	14765.29252	8159042450	6028.568	10354387647	27	15555.70893	1794167.902	21.8
2012.75	12.5	1144.436	4	24.99176	121.53456	4051162.563	156.25	1309733.758	16	624.5880679	14770.64927	8153977448	1953.125	1498906463	64	15609.55509	1795144.36	34.1
2012.833333	34.9	567.0349	4	24.97003	121.5458	4051498.028	1218.01	321528.5778	16	623.5023982	14773.3815	8154990280	42508.549	182317925	64	15568.87359	1795642.473	28.5
2013.333333	16.7	4082.015	0	24.94155	121.50381	4053511.111	278.89	16662846.46	0	622.0809164	14763.17584	8161069037	4657.463	68017989193	0	15515.66228	1793782.113	16.7
2013.166667	33.2	121.7262	10	24.98178	121.54059	4052840.028	1102.24	14817.26777	100	624.089332	14772.11502	8159042450	36594.368	1803649.7	1000	15590.86239	1795411.575	46.1
2013.083333	2.5	156.2442	4	24.96696	121.53992	4052504.507	6.25	24412.25003	16	623.3490916	14771.95215	8158029281	15.625	3814272.477	64	15563.13184	1795381.883	36.9
2012.75	38	461.7848	0	24.97229	121.53445	4051162.563	1444	213245.2015	0	623.6152678	14770.62254	8153977448	54872	98473392.73	0	15573.10132	1795139.486	35.7
2013.5	16.5	2288.011	3	24.95885	121.51359	4054182.25	272.25	5234994.336	9	622.9441933	14765.55255	8163095960	4492.125	11977724626	27	15547.97068	1794215.299	23.2
2013.5	38.3	439.7105	0	24.97161	121.53423	4054182.25	1466.89	193345.3238	0	623.581306	14770.56906	8163095960	56181.887	85015969.01	0	15571.82918	1795129.738	38.4
2013.416667	20	1626.083	3	24.96622	121.51668	4053846.674	400	2644145.923	9	623.3121411	14766.30352	8162082457	8000	4299600735	27	15561.74804	1794352.179	29.4
2013.083333	16.2	289.3248	5	24.98203	121.54348	4052504.507	262.44	83708.8399	25	624.1018229	14772.81753	8158029281	4251.528	24219043.36	125	15591.33046	1795539.652	55
2013.5	14.4	169.9803	1	24.97369	121.52979	4054182.25	207.36	28893.30239	1	623.6851922	14769.48986	8163095960	2985.984	4911292.208	1	15575.72065	1794933.001	50.2
2012.833333	10.3	3079.89	0	24.9546	121.56627	4051498.028	106.09	9485722.412	0	622.7320612	14778.358	8154990280	1092.727	29214981600	0	15540.02949	1796549.859	24.7
2013.416667	16.4	289.3248	5	24.98203	121.54348	4053846.674	268.96	83708.8399	25	624.1018229	14772.81753	8162082457	4410.944	24219043.36	125	15591.33046	1795539.652	53
2013.25	30.3	1264.73	0	24.94883	121.52954	4053175.563	918.09	1599541.973	0	622.4441184	14769.42909	8160055701	27818.127	2022988719	0	15529.25249	1794921.924	19.1
2013.583333	16.4	1643.499	2	24.95394	121.55174	4054517.84	268.96	2701088.963	4	622.6991215	14774.8255	8164109547	4410.944	4439237010	8	15538.79652	1795905.747	24.7
2013.166667	21.3	537.7971	4	24.97425	121.53814	4052840.028	453.69	289225.7208	16	623.7131631	14771.51947	8159042450	9663.597	155544753.9	64	15576.76846	1795303.002	42.2
2013.583333	35.4	318.5292	9	24.97071	121.54069	4054517.84	1253.16	101460.8513	81	623.5363579	14772.13933	8164109547	44361.864	32318243.78	729	15570.14557	1795416.006	78
2013.333333	8.3	104.8101	5	24.96674	121.54067	4053511.111	68.89	10985.15706	25	623.3381062	14772.13446	8161069037	571.787	1151355.41	125	15562.72043	1795415.12	42.8
2013.25	3.7	577.9615	6	24.97201	121.54722	4053175.563	13.69	334039.4955	36	623.6012834	14773.72669	8160055701	50.653	193061967.9	216	15572.57749	1795705.408	41.6
2013.083333	15.6	1756.411	2	24.9832	121.51812	4052504.507	243.36	3084979.601	4	624.1602822	14766.65349	8158029281	3796.416	5418492106	8	15593.52116	1794415.971	27.3
2013.25	13.3	250.631	7	24.96606	121.54297	4053175.563	176.89	62815.89816	49	623.3041519	14772.69356	8160055701	2352.637	15743611.37	343	15561.44886	1795517.05	42
2012.75	15.6	752.7669	2	24.97795	121.53451	4051162.563	243.36	566658.0057	4	623.8979862	14770.63712	8153977448	3796.416	426561390.3	8	15583.6927	1795142.145	37.5
2013.333333	7.1	379.5575	10	24.98343	121.53762	4053511.111	50.41	144063.8958	100	624.1717746	14771.39308	8161069037	357.911	54680532.13	1000	15593.95184	1795279.958	49.8
2013.25	34.6	272.6783	5	24.95562	121.53872	4053175.563	1197.16	74353.45529	25	622.7829696	14771.66046	8160055701	41421.736	20274573.79	125	15541.93513	1795328.704	26.9
2012.75	13.5	4197.349	0	24.93885	121.50383	4051162.563	182.25	17617738.63	0	621.9462393	14763.1807	8153977448	2460.375	73947797612	0	15510.62397	1793782.999	18.6
2012.916667	16.9	964.7496	4	24.98872	121.53411	4051833.507	285.61	930741.7907	16	624.4361272	14770.53989	8156003197	4826.809	897932770.3	64	15603.85954	1795124.42	37.7
2013	12.9	187.4823	1	24.97388	121.52981	4052169	166.41	35149.61281	1	623.6946823	14769.49472	8157016197	2146.689	6589930.254	1	15576.07615	1794933.887	33.1
2013.416667	28.6	197.1338	6	24.97631	121.54436	4053846.674	817.96	38861.7351	36	623.8160612	14773.03145	8162082457	23393.656	7660961.515	216	15580.62333	1795578.653	42.5
2012.666667	12.4	1712.632	2	24.96412	121.5167	4050827.111	153.76	2933108.367	4	623.2072874	14766.30838	8152964699	1906.624	5023335250	8	15557.82151	1794353.065	31.3
2013.083333	36.6	488.8193	8	24.97015	121.54494	4052504.507	1339.56	238944.3081	64	623.508391	14773.17244	8158029281	49027.896	116800589.4	512	15569.09805	1795604.358	38.1
2013.5	4.1	56.47425	7	24.95744	121.53711	4054182.25	16.81	3189.340913	49	622.8738114	14771.26911	8163095960	68.921	180115.6361	343	15545.33577	1795257.358	62.1
2013.416667	3.5	757.3377	3	24.97538	121.54971	4053846.674	12.25	573560.3918	9	623.7696061	14774.332	8162082457	42.875	434378908	27	15578.88295	1795815.77	36.7
2012.833333	15.9	1497.713	3	24.97003	121.51696	4051498.028	252.81	2243144.23	9	623.5023982	14766.37157	8154990280	4019.679	3359586275	27	15568.87359	1794364.583	23.6
2013	13.6	4197.349	0	24.93885	121.50383	4052169	184.96	17617738.63	0	621.9462393	14763.1807	8157016197	2515.456	73947797612	0	15510.62397	1793782.999	19.2
2013.083333	32	1156.777	0	24.94935	121.53046	4052504.507	1024	1338133.028	0	622.4700654	14769.65271	8158029281	32768	1547921509	0	15530.22353	1794962.688	12.8
2013.333333	25.6	4519.69	0	24.94826	121.49587	4053511.111	655.36	20427597.7	0	622.415677	14761.24643	8161069037	16777.216	92326409031	0	15528.18814	1793430.477	15.6
2013.166667	39.8	617.7134	2	24.97577	121.53475	4052840.028	1584.04	381569.8445	4	623.7890871	14770.69546	8159042450	63044.792	235700806	8	15579.61277	1795152.78	39.6
2012.75	7.8	104.8101	5	24.96674	121.54067	4051162.563	60.84	10985.15706	25	623.3381062	14772.13446	8153977448	474.552	1151355.41	125	15562.72043	1795415.12	38.4
2012.916667	30	1013.341	5	24.99006	121.5346	4051833.507	900	1026859.982	25	624.5030988	14770.659	8156003197	27000	1040559321	125	15606.36991	1795146.133	22.8
2013.583333	27.3	337.6016	6	24.96431	121.54063	4054517.84	745.29	113974.8403	36	623.2167738	14772.12474	8164109547	20346.417	38478088.45	216	15558.17674	1795413.347	36.5
2012.833333	5.1	1867.233	2	24.98407	121.51748	4051498.028	26.01	3486559.076	4	624.2037538	14766.49795	8154990280	132.651	6510218164	8	15595.15028	1794387.619	35.6
2012.833333	31.3	600.8604	5	24.96871	121.54651	4051498.028	979.69	361033.2203	25	623.4364791	14773.55409	8154990280	30664.297	216930565.2	125	15566.40465	1795673.94	30.9
2012.916667	31.5	258.186	9	24.96867	121.54331	4051833.507	992.25	66660.0106	81	623.4344816	14772.77621	8156003197	31255.875	17210681.5	729	15566.32984	1795532.118	36.3
2013.333333	1.7	329.9747	5	24.98254	121.54395	4053511.111	2.89	108883.3026	25	624.1273049	14772.93178	8161069037	4.913	35928735.12	125	15592.28536	1795560.482	50.4
2013.333333	33.6	270.8895	0	24.97281	121.53265	4053511.111	1128.96	73381.12121	0	623.6412393	14770.18502	8161069037	37933.056	19878175.23	0	15574.07418	1795059.726	42.9
2013	13	750.0704	2	24.97371	121.54951	4052169	169	562605.605	4	623.6861912	14774.28338	8157016197	2197	421993811.2	8	15575.75807	1795806.906	37
2012.666667	5.7	90.45606	9	24.97433	121.5431	4050827.111	32.49	8182.298791	81	623.7171589	14772.72516	8152964699	185.193	740138.5104	729	15576.91815	1795522.811	53.5
2013	33.5	563.2854	8	24.98223	121.53597	4052169	1122.25	317290.4419	64	624.1118158	14770.992	8157016197	37595.375	178725073.5	512	15591.70493	1795206.841	46.6
2013.5	34.6	3085.17	0	24.998	121.5155	4054182.25	1197.16	9518273.929	0	624.900004	14766.01674	8163095960	41421.736	29365493177	0	15621.2503	1794299.907	41.2
2012.666667	0	185.4296	0	24.9711	121.5317	4050827.111	0	34384.13656	0	623.5558352	14769.9541	8152964699	0	6375836.688	0	15570.87512	1795017.631	37.9
2013.416667	13.2	1712.632	2	24.96412	121.5167	4053846.674	174.24	2933108.367	4	623.2072874	14766.30838	8162082457	2299.968	5023335250	8	15557.82151	1794353.065	30.8
2013.583333	17.4	6488.021	1	24.95719	121.47353	4054517.84	302.76	42094416.5	1	622.8613327	14755.81849	8164109547	5268.024	2.73109E+11	1	15544.86862	1792441.36	11.2
2012.833333	4.6	259.6607	6	24.97585	121.54516	4051498.028	21.16	67423.67912	36	623.7930832	14773.22592	8154990280	97.336	17507279.72	216	15579.76248	1795614.108	53.7
2012.75	7.8	104.8101	5	24.96674	121.54067	4051162.563	60.84	10985.15706	25	623.3381062	14772.13446	8153977448	474.552	1151355.41	125	15562.72043	1795415.12	47
2013	13.2	492.2313	5	24.96515	121.53737	4052169	174.24	242291.6527	25	623.2587145	14771.33231	8157016197	2299.968	119263535.2	125	15559.7473	1795268.88	42.3
2012.833333	4	2180.245	3	24.96324	121.51241	4051498.028	16	4753468.26	9	623.1633513	14765.26578	8154990280	64	10363725407	27	15556.1763	1794163.03	28.6
2012.833333	18.4	2674.961	3	24.96143	121.50827	4051498.028	338.56	7155416.352	9	623.0729876	14764.25968	8154990280	6229.504	19140459679	27	15552.79277	1793979.651	25.7
2013.5	4.1	2147.376	3	24.96299	121.51284	4054182.25	16.81	4611223.685	9	623.1508697	14765.37028	8163095960	68.921	9902031073	27	15555.70893	1794182.077	31.3
2013.416667	12.2	1360.139	1	24.95204	121.54842	4053846.674	148.84	1849978.099	1	622.6043002	14774.0184	8162082457	1815.848	2516227362	1	15535.2474	1795758.594	30.1
2013.25	3.8	383.8624	5	24.98085	121.54391	4053175.563	14.44	147350.3421	25	624.0428667	14772.92206	8160055701	54.872	56562255.97	125	15589.12125	1795558.709	60.7
2012.833333	10.3	211.4473	1	24.97417	121.52999	4051498.028	106.09	44709.96068	1	623.7091672	14769.53847	8154990280	1092.727	9453800.468	1	15576.61877	1794941.862	45.3
2013.416667	0	338.9679	9	24.96853	121.54413	4053846.674	0	114899.2372	81	623.4274904	14772.97554	8162082457	0	38947153.16	729	15566.068	1795568.459	44.9
2013.166667	1.1	193.5845	6	24.96571	121.54089	4052840.028	1.21	37474.95864	36	623.2866758	14772.18794	8159042450	1.331	7254571.131	216	15560.79439	1795424.87	45.1
2013.5	5.6	2408.993	0	24.95505	121.55964	4054182.25	31.36	5803247.274	0	622.7545205	14776.74608	8163095960	175.616	13979982060	0	15540.8702	1796255.933	24.7
2012.666667	32.9	87.30222	10	24.983	121.54022	4050827.111	1082.41	7621.677617	100	624.150289	14772.02508	8152964699	35611.289	665389.3761	1000	15593.14667	1795395.178	47.1
2013.083333	41.4	281.205	8	24.97345	121.54093	4052504.507	1713.96	79076.25203	64	623.6732049	14772.19767	8158029281	70957.944	22236637.45	512	15575.2716	1795426.642	63.3
2013.416667	17.1	967.4	4	24.98872	121.53408	4053846.674	292.41	935862.76	16	624.4361272	14770.5326	8162082457	5000.211	905353634	64	15603.85954	1795123.091	40
2013.5	32.3	109.9455	10	24.98182	121.54086	4054182.25	1043.29	12088.01297	100	624.0913305	14772.18065	8163095960	33698.267	1329022.63	1000	15590.93728	1795423.54	48
2013.416667	35.3	614.1394	7	24.97913	121.53666	4053846.674	1246.09	377167.2026	49	623.9569356	14771.15972	8162082457	43986.977	231633239.5	343	15585.90141	1795237.417	33.1
2012.916667	17.3	2261.432	4	24.96182	121.51222	4051833.507	299.29	5114074.691	16	623.0924577	14765.21961	8156003197	5177.717	11565132156	64	15553.52177	1794154.614	29.5
2012.75	14.2	1801.544	1	24.95153	121.55254	4051162.563	201.64	3245560.784	1	622.5788493	14775.01998	8153977448	2863.288	5847020557	1	15534.29484	1795941.207	24.8
2012.833333	15	1828.319	2	24.96464	121.51531	4051498.028	225	3342750.366	4	623.2332503	14765.97056	8154990280	3375	6111614006	8	15558.79373	1794291.491	20.9
2013.416667	18.2	350.8515	1	24.97544	121.53119	4053846.674	331.24	123096.7751	1	623.7726032	14769.83014	8162082457	6028.568	43188688.17	1	15578.99522	1794995.033	43.1
2012.666667	20.2	2185.128	3	24.96322	121.51237	4050827.111	408.04	4774784.376	9	623.1623528	14765.25606	8152964699	8242.408	10433515035	27	15556.13891	1794161.258	22.8
2012.75	15.9	289.3248	5	24.98203	121.54348	4051162.563	252.81	83708.8399	25	624.1018229	14772.81753	8153977448	4019.679	24219043.36	125	15591.33046	1795539.652	42.1
2013.5	4.1	312.8963	5	24.95591	121.53956	4054182.25	16.81	97904.09455	25	622.7974439	14771.86464	8163095960	68.921	30633828.94	125	15542.47696	1795365.929	51.7
2013	33.9	157.6052	7	24.96628	121.54196	4052169	1149.21	24839.39907	49	623.315137	14772.44804	8157016197	38958.219	3914818.458	343	15561.86024	1795472.289	41.5
2013.083333	0	274.0144	1	24.9748	121.53059	4052504.507	0	75083.89141	1	623.740635	14769.68431	8158029281	0	20574067.45	1	15577.79761	1794968.448	52.2
2013.25	5.4	390.5684	5	24.97937	121.54245	4053175.563	29.16	152543.6751	25	623.9689256	14772.56715	8160055701	157.464	59578739.11	125	15586.35066	1795494.004	49.5
2013.25	21.7	1157.988	0	24.96165	121.55011	4053175.563	470.89	1340936.208	0	623.0839707	14774.42924	8160055701	10218.313	1552788038	0	15553.204	1795833.499	23.8
2013.416667	14.7	1717.193	2	24.96447	121.51649	4053846.674	216.09	2948751.799	4	623.2247624	14766.25734	8162082457	3176.523	5063575948	8	15558.47588	1794343.763	30.5
2013.333333	3.9	49.66105	8	24.95836	121.53756	4053511.111	15.21	2466.219887	64	622.9197339	14771.37849	8161069037	59.319	122475.0691	512	15547.05497	1795277.3	56.8
2013.333333	37.3	587.8877	8	24.97077	121.54634	4053511.111	1391.29	345611.9478	64	623.5393544	14773.51277	8161069037	51895.117	203181013.1	512	15570.2578	1795666.406	37.4
2013.333333	0	292.9978	6	24.97744	121.54458	4053511.111	0	85847.7108	36	623.872509	14773.08493	8161069037	0	25153190.4	216	15582.73816	1795588.403	69.7
2013.333333	14.1	289.3248	5	24.98203	121.54348	4053511.111	198.81	83708.8399	25	624.1018229	14772.81753	8161069037	2803.221	24219043.36	125	15591.33046	1795539.652	53.3
2013.416667	8	132.5469	9	24.98298	121.53981	4053846.674	64	17568.6807	81	624.1492897	14771.92541	8162082457	512	2328674.164	729	15593.10922	1795377.008	47.3
2013	16.3	3529.564	0	24.93207	121.51597	4052169	265.69	12457822.03	0	621.6081145	14766.13097	8157016197	4330.747	43970680156	0	15497.97702	1794320.727	29.3
2012.666667	29.1	506.1144	4	24.97845	121.53889	4050827.111	846.81	256151.7859	16	623.9229644	14771.70178	8152964699	24642.171	129642107.4	64	15584.62857	1795336.238	40.3
2012.75	16.1	4066.587	0	24.94297	121.50342	4051162.563	259.21	16537129.83	0	622.1517524	14763.08107	8153977448	4173.281	67249677178	0	15518.3125	1793764.84	12.9
2013	18.3	82.88643	10	24.983	121.54026	4052169	334.89	6870.160278	100	624.150289	14772.0348	8157016197	6128.487	569443.059	1000	15593.14667	1795396.95	46.6
2012.833333	0	185.4296	0	24.9711	121.5317	4051498.028	0	34384.13656	0	623.5558352	14769.9541	8154990280	0	6375836.688	0	15570.87512	1795017.631	55.3
2013.25	16.2	2103.555	3	24.96042	121.51462	4053175.563	262.44	4424943.638	9	623.0225666	14765.80287	8160055701	4251.528	9308112314	27	15550.90493	1794260.925	25.6
2013.5	10.4	2251.938	4	24.95957	121.51353	4054182.25	108.16	5071224.756	16	622.9801346	14765.53797	8163095960	1124.864	11420083734	64	15549.31628	1794212.641	27.3
2013.25	40.9	122.3619	8	24.96756	121.5423	4053175.563	1672.81	14972.43457	64	623.3790524	14772.53069	8160055701	68417.929	1832055.542	512	15564.25389	1795487.357	67.7
2013.5	32.8	377.8302	9	24.97151	121.5435	4054182.25	1075.84	142755.66	81	623.5763117	14772.82239	8163095960	35287.552	53937399.58	729	15571.6421	1795540.538	38.6
2013.583333	6.2	1939.749	1	24.95155	121.55387	4054517.84	38.44	3762626.183	1	622.5798474	14775.34331	8164109547	238.328	7298550376	1	15534.33219	1796000.16	31.3
2013.083333	42.7	443.802	6	24.97927	121.53874	4052504.507	1823.29	196960.2152	36	623.9639297	14771.66532	8158029281	77854.483	87411337.43	216	15586.16347	1795329.591	35.3
2013	16.9	967.4	4	24.98872	121.53408	4052169	285.61	935862.76	16	624.4361272	14770.5326	8157016197	4826.809	905353634	64	15603.85954	1795123.091	40.3
2013.5	32.6	4136.271	1	24.95544	121.4963	4054182.25	1062.76	17108737.79	1	622.7739856	14761.35091	8163095960	34645.976	70766375949	1	15541.59883	1793449.519	24.7
2012.916667	21.2	512.5487	4	24.974	121.53842	4051833.507	449.44	262706.1699	16	623.700676	14771.58754	8156003197	9528.128	134649705.8	64	15576.30068	1795315.41	42.5
2012.666667	37.1	918.6357	1	24.97198	121.55063	4050827.111	1376.41	843891.5493	1	623.5997851	14774.55565	8152964699	51064.811	775228904.1	1	15572.52136	1795856.548	31.9
2013.416667	13.1	1164.838	4	24.99156	121.53406	4053846.674	171.61	1356847.566	16	624.5780712	14770.52774	8162082457	2248.091	1580507605	64	15609.18034	1795122.205	32.2
2013.416667	14.7	1717.193	2	24.96447	121.51649	4053846.674	216.09	2948751.799	4	623.2247624	14766.25734	8162082457	3176.523	5063575948	8	15558.47588	1794343.763	23
2012.916667	12.7	170.1289	1	24.97371	121.52984	4051833.507	161.29	28943.84262	1	623.6861912	14769.50201	8156003197	2048.383	4924184.106	1	15575.75807	1794935.216	37.3
2013.25	26.8	482.7581	5	24.97433	121.53863	4053175.563	718.24	233055.3831	25	623.7171589	14771.63858	8160055701	19248.832	112509373.9	125	15576.91815	1795324.716	35.5
2013.083333	7.6	2175.03	3	24.96305	121.51254	4052504.507	57.76	4730755.501	9	623.1538653	14765.29738	8158029281	438.976	10289535137	27	15555.8211	1794168.788	27.7
2012.833333	12.7	187.4823	1	24.97388	121.52981	4051498.028	161.29	35149.61281	1	623.6946823	14769.49472	8154990280	2048.383	6589930.254	1	15576.07615	1794933.887	28.5
2012.666667	30.9	161.942	9	24.98353	121.53966	4050827.111	954.81	26225.21136	81	624.1767713	14771.88895	8152964699	29503.629	4246963.179	729	15594.13909	1795370.361	39.7
2013.333333	16.4	289.3248	5	24.98203	121.54348	4053511.111	268.96	83708.8399	25	624.1018229	14772.81753	8161069037	4410.944	24219043.36	125	15591.33046	1795539.652	41.2
2012.666667	23	130.9945	6	24.95663	121.53765	4050827.111	529	17159.55903	36	622.833381	14771.40037	8152964699	12167	2247807.855	216	15543.82224	1795281.288	37.2
2013.166667	1.9	372.1386	7	24.97293	121.54026	4052840.028	3.61	138487.1376	49	623.6472328	14772.0348	8159042450	6.859	51536409.51	343	15574.29869	1795396.95	40.5
2013	5.2	2408.993	0	24.95505	121.55964	4052169	27.04	5803247.274	0	622.7545205	14776.74608	8157016197	140.608	13979982060	0	15540.8702	1796255.933	22.3
2013.416667	18.5	2175.744	3	24.9633	121.51243	4053846.674	342.25	4733861.954	9	623.1663469	14765.27064	8162082457	6331.625	10299671742	27	15556.28847	1794163.916	28.1
2013	13.7	4082.015	0	24.94155	121.50381	4052169	187.69	16662846.46	0	622.0809164	14763.17584	8157016197	2571.353	68017989193	0	15515.66228	1793782.113	15.4
2012.666667	5.6	90.45606	9	24.97433	121.5431	4050827.111	31.36	8182.298791	81	623.7171589	14772.72516	8152964699	175.616	740138.5104	729	15576.91815	1795522.811	50
2013.25	18.8	390.9696	7	24.97923	121.53986	4053175.563	353.44	152857.2281	49	623.9619314	14771.93757	8160055701	6644.672	59762529.34	343	15586.0886	1795379.224	40.6
2013	8.1	104.8101	5	24.96674	121.54067	4052169	65.61	10985.15706	25	623.3381062	14772.13446	8157016197	531.441	1151355.41	125	15562.72043	1795415.12	52.5
2013.5	6.5	90.45606	9	24.97433	121.5431	4054182.25	42.25	8182.298791	81	623.7171589	14772.72516	8163095960	274.625	740138.5104	729	15576.91815	1795522.811	63.9