85	24
-0.30588	0.09356257439999999	-0.028618920257471994	0.008753955328355534	-0.19225	0.05880543	-0.017987404928399998	0.005501987419498991	-0.0016829479118763515	0.0369600625	-0.0113053439175	0.0034580785974848995	-0.001057757081398681	0.0003235467360582286	-0.0071055720156250005	0.002173452368139375	-0.000664815610366472	0.00020335379889889645	-6.220186000719444e-05	0.0013660462200039065	-0.00041784621777479487	0.00012781080109295424	-3.9094767838312845e-05	1.1958307586383133e-05	1.0
-0.39804	0.15843584160000002	-0.063063802390464	0.02510191590350029	0.034357	-0.01367546028	0.0054433802098512	-0.0021666830587291712	0.0008624265246965594	0.001180403449	-0.00046984778883996	0.0001870182138698577	-7.444072984875814e-05	2.9630388108999693e-05	4.0555121297293e-05	-1.6142560481174505e-05	6.425384773926701e-06	-2.5575601554137835e-06	1.0180112442609024e-06	1.3933523024110954e-06	-5.546099504517124e-07	2.2075694467779963e-07	-8.787009425955136e-08	3.497581231907182e-08	1.0
0.93836	0.8805194895999999	0.8262442682610559	0.7753145715654444	0.012427	0.01166099972	0.0109422156972592	0.010267737521680143	0.009634834180843778	0.000154430329	0.00014491124352044001	0.00013597891446984008	0.00012759717418191912	0.00011973208436534563	1.9191056984830003e-06	1.8008120232285082e-06	1.6898099701167028e-06	1.585650083558709e-06	1.4879106124081502e-06	2.3848726515048246e-08	2.2378691012660673e-08	2.0999268498640267e-08	1.970487358838408e-08	1.8490265180396085e-08	0.0
0.016705	0.00027905702500000004	4.661647602625001e-06	7.787282320185064e-08	-0.40424	-0.0067528292	-0.00011280601178600001	-1.8844244268851304e-06	-3.14793100511161e-08	0.16340997759999998	0.002729763675808	4.560070220437264e-05	7.61759730324045e-07	1.2725196295063172e-08	-0.066056849345024	-0.001103479668308626	-1.8433627859095597e-05	-3.07933753386192e-07	-5.144033350316337e-09	0.0267028207792325	0.00044607062111707896	7.4516097257608045e-06	1.2447914046883424e-07	2.079424041531876e-09	1.0
0.46025	0.2118300625	0.097494786265625	0.044871975378753905	0.012427	0.00571952675	0.0026324121866875003	0.0012115677089229219	0.0005576240380317748	0.000154430329	7.107655892225e-05	3.2712986243965565e-05	1.505615191878515e-05	6.9295939206208655e-06	1.9191056984830003e-06	8.832683977268009e-07	4.065242800537601e-07	1.8710279989474307e-07	8.611406365155551e-08	2.3848726515048246e-08	1.0976376378550955e-08	5.051877228228077e-09	2.3251264942919723e-09	1.0701394689978803e-09	1.0
0.76555	0.5860668024999999	0.4486634406538749	0.3434742969925739	0.50219	0.3844515545	0.2943168875474749	0.22531429326196947	0.1724893572067007	0.2521947961	0.193067726154355	0.14780299775746644	0.11315058493322844	0.08662243029563303	0.126649704653459	0.09695668139745554	0.07422518744382207	0.056823092247617994	0.04350091827016395	0.06360221517992058	0.0486906758309882	0.03727514688241301	0.02853598869583128	0.021845726146093637	0.0
0.63265	0.4002460225000001	0.25321564613462505	0.16019687852707054	-0.030612	-0.0193666818	-0.012252331240770003	-0.007751437359473142	-0.004903946845470683	0.0009370945440000001	0.0005928528632616001	0.00037506836394245137	0.00023728700044819184	0.00015011962083354857	-2.8686338180928e-05	-1.81484118501641e-05	-1.148159275700632e-05	-7.2638296577200484e-06	-4.595461832956589e-06	8.78146184394568e-07	5.555591835572235e-07	3.514745174774775e-07	2.2236035348212612e-07	1.406762776304671e-07	0.0
-0.83007	0.6890162048999999	-0.571931681201343	0.47474333061479873	0.31213	-0.2590897491	0.215062628035437	-0.17851703565337518	0.14818163578479715	0.09742513690000001	-0.08086968338658301	0.06712749808870096	-0.055720522338488	0.046251933977508736	0.030409307980597006	-0.025241854275454157	0.02095250597842623	-0.017392046637512263	0.014436616152399802	0.009491657299983743	-0.007878739974997506	0.006539905691046179	-0.005428579516966702	0.00450610099964855	0.0
0.73675	0.5428005625	0.399908314421875	0.29463245065031646	-0.18494	-0.136254545	-0.10038553602874999	-0.07395904366918156	-0.05448932542326952	0.0342028036	0.0251989155523	0.01856530103315702	0.013677985536178439	0.010077255843779465	-0.006325466497783999	-0.004660287442242362	-0.0034334667730720595	-0.00252960664506084	-0.0018636876957485741	0.0011698317741001727	0.0008618735595683023	0.0006349853450119467	0.0004678254529375517	0.0003446704024517413	1.0
0.322	0.10368400000000001	0.033386248	0.010750371856000002	0.5826	0.18759720000000002	0.06040629840000001	0.0194508280848	0.006263166643305601	0.33942276	0.10929412872	0.035192709447840004	0.01133205244220448	0.003648920886389843	0.197747699976	0.063674759392272	0.020503272524311587	0.00660205375282833	0.0021258613084107225	0.11520781000601761	0.03709691482193767	0.011945206572663932	0.0038463565163977856	0.0012385267982800872	1.0
-0.046659	0.0021770622809999998	-0.00010157954896917899	4.739600175352923e-06	-0.57968	0.027047289119999998	-0.0012619994630500798	5.888363294645368e-05	-2.7474514296485823e-06	0.3360289024	-0.0156787725570816	0.0007315558487408703	-3.4133664346400266e-05	1.5926426447386901e-06	-0.19478923414323196	0.00908867087588906	-0.0004240682943981076	1.9786602548321303e-05	-9.232230883021237e-07	0.11291542324814871	-0.00526852073333537	0.00024582390889669504	-1.1469897765210895e-05	5.351739598269752e-07	0.0
0.67339	0.45345409210000004	0.30535145107921907	0.20562061364223533	-0.53582	-0.3608158298	-0.242969771629022	-0.16361341451726716	-0.11017563720178253	0.28710307239999994	0.19333233792343596	0.13018806303426256	0.08766733976664207	0.059034309925459105	-0.15383556825336797	-0.10359133330613547	-0.06975736793501856	-0.046973913993762155	-0.0316317639442595	0.08242817418151963	0.05550630821209351	0.03737739288694165	0.02516956259613764	0.016948931756613123	1.0
-0.30012	0.0900720144	-0.027032412961727998	0.008112967778073807	0.027047	-0.00811734564	0.0024361777734768003	-0.0007311456733758572	0.00021943143949356228	0.0007315402090000001	-0.00021954984752508002	6.589130023922702e-05	-1.977529702779681e-05	5.934962143982379e-06	1.9785968032823004e-05	-5.93816472601084e-06	1.782161997570373e-06	-5.348624587108203e-07	1.6052292110829143e-07	5.351510773837638e-07	-1.606095413444152e-07	4.8202135548285886e-08	-1.446642492075156e-08	4.3416634472159586e-09	1.0
-0.50749	0.2575461001	-0.130702070339749	0.06632999367671921	0.90424	-0.45889275760000003	0.232883485554424	-0.11818604008401465	0.05997823348223658	0.8176499776000001	-0.41494918713222406	0.2105825629777324	-0.10686854488556942	0.05423471784397761	0.7393518157450241	-0.37521365297244225	0.19041717674698472	-0.09663481302732728	0.04904120126323831	0.6685514858692806	-0.3392831935638012	0.17218282790169348	-0.08738106333183043	0.04434501583027062	0.0
0.85196	0.7258358416	0.6183831036095361	0.5268376689511804	-0.36769	-0.3132571724	-0.26688258059790404	-0.22737328336619034	-0.19371294249665955	0.13519593610000002	0.11518152971975602	0.09813005606004334	0.08360288256091454	0.07122631182659676	-0.049710193744609006	-0.042351096662657094	-0.03608144031271734	-0.030739943888822664	-0.02618920259552136	0.018277941137955285	0.015572074731892385	0.013266784788583036	0.011302769968481204	0.00962950790234725	0.0
0.63882	0.4080909924000001	0.26069668776496807	0.16653825807801692	-0.24342	-0.15550156440000001	-0.09933750937000801	-0.06345878773574853	-0.040538742781350875	0.059253296399999995	0.037852190806248	0.02418073653084735	0.015447138110635906	0.00986794076783643	-0.014423437409688	-0.009213980286056888	-0.005886074886338862	-0.003760142358890992	-0.002402054141706744	0.003510953134266253	0.0022428670812319677	0.0014327883488326058	0.0009152938530012453	0.0005847080191742556	1.0
-0.46717	0.21824780889999998	-0.10195882888381298	0.047632106089650905	-0.13377	0.0624933309	-0.029195009396552996	0.013639032539787663	-0.006371746831612602	0.0178944129	-0.008359732874492999	0.0039054164069768946	-0.0018244933828473957	0.0008523485736648177	-0.002393735613633	0.0011182814666209286	-0.0005224275527612992	0.00024406247982349612	-0.00011401866869914267	0.00032021001303568643	-0.00014959251178988162	6.988513373287899e-05	-3.264823792598908e-05	1.5252277311884316e-05	0.0
-0.29435	0.0866419225	-0.025503049887875	0.007506822734496006	0.77997	-0.22958416950000002	0.067578100292325	-0.019891613821045866	0.005855096528224851	0.6083532009000001	-0.17906876468491503	0.05270889088500474	-0.015514862032001144	0.0045667996391195375	0.4744972461059731	-0.13966826439129318	0.041111353623577145	-0.012101126939099933	0.0035619667145240655	0.3700936170452759	-0.10893705617727696	0.03206562248578147	-0.009438515978689777	0.002778227178327336	1.0
0.2932	0.08596624000000001	0.025205301568000004	0.0073901944197376015	-0.2288	-0.06708416	-0.019669075712000002	-0.005766972998758401	-0.0016908764832359632	0.052349440000000004	0.015348855808000002	0.004500284522905601	0.0013194834221159223	0.0003868725393643884	-0.011977551872000001	-0.0035118182088704005	-0.0010296650988408016	-0.000301897806980123	-8.851643700657207e-05	0.0027404638683136	0.0008035040061895476	0.0002355873746147754	6.907421823705214e-05	2.025256078710369e-05	1.0
-0.59389	0.35270533210000005	-0.20946816968086904	0.12440105129177131	0.49488	-0.2939042832	0.174546814749648	-0.10366160781166847	0.06156359226327179	0.2449062144	-0.145447351670016	0.0863797276833058	-0.05130005647383849	0.03046659053924794	0.12119918738227199	-0.07197898539445752	0.04274759963591438	-0.025387371947773192	0.01507730632606302	0.05997905385173876	-0.03562096029200913	0.021154932107821305	-0.012563702629513996	0.007461457354642067	0.0
-0.20795	0.0432432025	-0.008992423959875	0.0018699745624560062	0.35599	-0.07402812049999999	0.015394147657975	-0.003201213005475901	0.0006656922444887136	0.12672888009999997	-0.02635327061679499	0.005480162624762519	-0.0011395998178193659	0.0002369797821155371	0.045114214026798986	-0.009381500806872849	0.001950883092789209	-0.000405686139145516	8.436243263531005e-05	0.01606020905140017	-0.0033397204722386657	0.0006944948722020306	-0.00014442020867441225	3.0032182393844026e-05	1.0
0.6273	0.39350528999999995	0.24684586841699996	0.15484641325798407	0.15863	0.09950859899999999	0.06242174415269999	0.0391571601069887	0.024563286535114012	0.0251634769	0.015785049059369997	0.009901961274942798	0.006211500307771618	0.0038964741430651357	0.003991682340646999	0.0025039823322878627	0.001570748117044176	0.0009853302938218115	0.0006180976933144223	0.0006332005696968335	0.00039720671737082365	0.00024916777380671766	0.000156302944508954	9.804883709046683e-05	1.0
-0.42108	0.1773083664	-0.07466100692371201	0.03143825679543665	-0.27266	0.11481167280000001	-0.048344899182624	0.020357070147819317	-0.008571955097843758	0.07434347560000001	-0.031304550705648006	0.013181720211134262	-0.005550558746504416	0.0023372292769780795	-0.020270492057096003	0.008535498795401985	-0.0035941278327678676	0.001513415347821894	-0.000637268934660843	0.005526952364287797	-0.0023272891015543055	0.000979974894882487	-0.00041264782873711765	0.0001737577477246255	1.0
0.22408	0.0502118464	0.011251470541312	0.002521229518897193	0.52412	0.1174448096	0.026317032935168003	0.005897120740112446	0.0013214268154443968	0.27470177440000004	0.06155517360755201	0.013793283301980255	0.0030907989223077355	0.0006925862225107173	0.14397669399852803	0.03226229759119016	0.007229335644233892	0.0016199495311599304	0.0003629982909423172	0.07546106485850851	0.016909315413494587	0.0037890393978558673	0.0008490479482715427	0.00019025466424868728	1.0
-0.0063364	4.014996496e-05	-2.54406237972544e-07	1.6120196862892277e-09	0.99927	-0.006331774428	4.0120655485579195e-05	-2.54220521418824e-07	1.6108429119182365e-09	0.9985405329	-0.00632715223266756	4.009136740707473e-05	-2.540349404381883e-07	1.6096669965925363e-09	0.997811598310983	-0.006322533411537713	4.006210070886756e-05	-2.538494949316684e-07	1.6084919396850237e-09	0.9970831958442159	-0.006317917962147289	4.0032855375350085e-05	-2.5366418480036825e-07	1.6073177405690536e-09	0.0
0.16647	0.0277122609	0.0046132600720230005	0.0007679694041896689	0.53874	0.0896840478	0.014929703437266	0.0024853477312016714	0.0004137358368131422	0.2902407876	0.048316383911772	0.008043228429792685	0.0013389562367075883	0.00022289604472471223	0.156364321911624	0.02602996866862805	0.004333208884266511	0.0007213492829638462	0.00012008301513499147	0.08423971478666831	0.014023385320536673	0.00233447295430974	0.00038861971270394245	6.46935235738253e-05	1.0
-0.47869	0.22914411610000002	-0.109688996935909	0.05250702594325028	0.63377	-0.3033793613	0.145224666460697	-0.06951759558807104	0.03327737783205373	0.40166441289999993	-0.19227273781110096	0.09203903686279592	-0.04405816655585178	0.02109020374862069	0.25456285496363296	-0.12185669304254146	0.05833158039253417	-0.02792274421810218	0.013366338429763334	0.16133430059030163	-0.07722911634957148	0.036968805705376376	-0.017696597603106618	0.008471184306631107	1.0
-0.43836	0.1921594896	-0.08423503386105602	0.03692526944333252	0.21711	-0.0951723396	0.041719746787056	-0.018288268201573872	0.008016845248841923	0.0471367521	-0.020662866650556	0.009057774224937728	-0.0039705659092437035	0.00174053727197607	0.010233860248430999	-0.004486114978502213	0.00196653336197623	-0.0008620495645559003	0.0003778880471187245	0.002221873398536854	-0.0009739804229826155	0.00042695405821865934	-0.00018715958096073154	8.204327390994628e-05	1.0
-0.046659	0.0021770622809999998	-0.00010157954896917899	4.739600175352923e-06	0.81652	-0.03809800668	0.00177761489368212	-8.294173332431404e-05	3.869978335179169e-06	0.6667049104	-0.0311077844143536	0.0014514581129893246	-6.77235840939689e-05	3.159914710240495e-06	0.544377893439808	-0.025400128130008002	0.0011851445784180432	-5.5297660884407485e-05	2.580133559205569e-06	0.4444954375514721	-0.020739712620714137	0.0009676942511699008	-4.5151646065336404e-05	2.1067306537625315e-06	1.0
-0.36348	0.1321177104	-0.04802214537619201	0.01745508940133827	0.31213	-0.11345301240000001	0.041237900947152004	-0.014989152236270812	0.005448257054839715	0.09742513690000001	-0.035412088760412005	0.012871586022634557	-0.0046785640875072095	0.0017005644745271204	0.030409307980597006	-0.0110531752647874	0.004017608145244924	-0.0014603202086336253	0.0005307971894341502	0.009491657299983743	-0.003450027595398091	0.0012540160303752981	-0.00045580974672081344	0.0001656777267380813	1.0
0.18376	0.0337677376	0.006205159461376001	0.0011402601026224539	0.93348	0.1715362848	0.031521507694848	0.0057923922540052694	0.0010644100005960083	0.8713849104	0.160125691135104	0.02942469700298671	0.0054070823212688385	0.0009936054473563619	0.813420386160192	0.1494741301607969	0.027467366158348033	0.005047403205258035	0.0009275108129982166	0.759311662072816	0.13953111102250068	0.02564023696149472	0.004711649944044271	0.0008658127937175752	0.0
0.79435	0.6309919225	0.501228433637875	0.398150806260246	-0.55775	-0.4430487125	-0.351935744774375	-0.27956015886152474	-0.2220686121916522	0.31108506249999995	0.24711041939687498	0.19629216164790764	0.1559246786050154	0.123858768449894	-0.17350769360937496	-0.137825836418607	-0.10948195315912047	-0.08696698949194734	-0.06908222810292837	0.09677391611062888	0.07687236026247805	0.06106355937449944	0.048505838389133624	0.0385306127244083	0.0
-0.61118	0.37354099239999994	-0.22830078373503193	0.13953287300317682	-0.067982	0.041549238759999996	-0.025394063745336797	0.015520343879874941	-0.009485723772501967	0.004621552324	-0.0028246003493823195	0.001726339241535486	-0.0010551040176416582	0.0006448584735022286	-0.000314182370090168	0.00019202198095170887	-0.00011735999431806542	7.172808132731522e-05	-4.383876874562851e-05	2.1358745883469803e-05	-1.3054038309059073e-05	7.978367133730723e-06	-4.876218424793543e-06	2.9802471768653177e-06	0.0
-0.0063364	4.014996496e-05	-2.54406237972544e-07	1.6120196862892277e-09	0.39985	-0.00253360954	1.6053963489256e-05	-1.017243342533217e-07	6.445660715627477e-10	0.1598800225	-0.001013063774569	6.419177301179011e-06	-4.067447505119069e-08	2.5772974371436467e-10	0.06392802699662499	-0.0004050735502614146	2.566708043876427e-06	-1.6263688849218592e-08	1.0305323802418869e-10	0.0255616215946005	-0.0001619686590720266	1.0262982113439894e-06	-6.503035986360054e-09	4.120583722397185e-11	1.0
-0.092742	0.008601078564000001	-0.0007976812281824882	7.397855246410032e-05	0.68494	-0.06352270548	0.00589122275162616	-0.0005463637804313134	5.067086972476087e-05	0.4691428036	-0.0435092418914712	0.0040351341114988224	-0.00037422640776862384	3.470650550927771e-05	0.321334671897784	-0.029801220141144284	0.002763824758330003	-0.0002563226357370412	2.3771873883524676e-05	0.22009497016966817	-0.020412047723475366	0.0018930541299705525	-0.000175565626121729	1.6282307297781393e-05	1.0
0.28744	0.08262175359999999	0.023748796854783993	0.00682635416793911	-0.76974	-0.22125406559999997	-0.06359726861606399	-0.01828039889100143	-0.005254517857229451	0.5924996676	0.17030810445494396	0.04895336154452909	0.01407115424235944	0.004044612575423797	-0.45607069413842394	-0.13109296032314857	-0.03768136051528582	-0.010831130266513755	-0.0031133000838067136	0.35105585610611045	0.10090749527914038	0.02900485044303611	0.008337154211346297	0.0023964316065093797	0.0
0.35081	0.1230676561	0.04317336443644101	0.015145647977947868	-0.57968	-0.2033575408	-0.071339858888048	-0.025026735896516123	-0.008779629219856819	0.3360289024	0.117882299250944	0.04135428940022367	0.014507498264492467	0.005089375466166602	-0.19478923414323196	-0.0683340112297872	-0.02397225447952165	-0.008409706593960991	-0.002950209170227455	0.11291542324814871	0.03961185962968305	0.013896236476689111	0.004874938718387308	0.0017101772517974512	0.0
-0.26555	0.0705168025	-0.018725736903875002	0.004972619434824007	0.96272	-0.255650296	0.0678879361028	-0.01802764143209854	0.004787240182293768	0.9268297984	-0.24611965296512	0.06535707384488762	-0.01735557095950991	0.004608771868297857	0.892277583515648	-0.23694431230258034	0.06292056213195021	-0.016708555274139378	0.004436956853047712	0.8590134752021847	-0.22811102833994015	0.06057488357567111	-0.016085660333519464	0.004271547101566094	1.0
0.64459	0.4154962681	0.267824739454579	0.17263714880502706	-0.14108	-0.09093875720000001	-0.058618213503548004	-0.037784714242252014	-0.02435564895341322	0.019903566400000003	0.012829639865776002	0.008269857561080554	0.005330667485296914	0.0034360949543475374	-0.002807995147712001	-0.0018100055922636786	-0.0011667115047172445	-0.0007520505688256888	-0.00048476427615935065	0.0003961519554392091	0.0002553555889565598	0.00016459965908550888	0.00010609929424992818	6.839054408056119e-05	1.0
0.28744	0.08262175359999999	0.023748796854783993	0.00682635416793911	1.087	0.31244727999999994	0.08980984616319998	0.0258149421811502	0.0074202469805498125	1.1815689999999999	0.33963019335999994	0.09762330277939837	0.028060842150910266	0.008065808467857646	1.2843655029999999	0.36917802018231993	0.10611653012120603	0.030502135418039457	0.00876753380456126	1.396105301761	0.4012965079381818	0.11534866824175095	0.033155821199408894	0.00953030924555809	0.0
0.057028	0.0032521927840000004	0.00018546605008595203	1.0576757904301672e-05	0.91886	0.052400748080000004	0.0029883098615062402	0.00017041733478197787	9.718559767946635e-06	0.8443036996000001	0.048148951380788806	0.002745838399343624	0.00015658967223776822	8.929995828375446e-06	0.775796897414456	0.0442421454657516	0.0025230410716208826	0.0001438839862323957	8.20541596686106e-06	0.712848737158247	0.040652337782660516	0.002318321519069564	0.00013220923958949909	7.539628515309955e-06	0.0
-0.69758	0.4866178564	-0.33945488426751197	0.236796938167331	0.68494	-0.4778004452	0.333304034562616	-0.23250622843018964	0.16219169482833168	0.4691428036	-0.32726463693528796	0.22829326543331818	-0.15925281610097408	0.1110915794557175	0.321334671897784	-0.22415664042245614	0.15636718922589696	-0.10907862386020119	0.07609106643239914	0.22009497016966817	-0.15353384929095712	0.10710214258838587	-0.07471231262680621	0.05211781504220747	0.0
0.67339	0.45345409210000004	0.30535145107921907	0.20562061364223533	0.64108	0.4316968612	0.290700349363468	0.19575470825786576	0.13181926299376423	0.4109835664	0.276752223778096	0.18636217996993207	0.1254944283699526	0.08450669312004237	0.263473344747712	0.1774203156196618	0.11947306633512406	0.0804519681394092	0.05417555082539676	0.16890749185086318	0.11374061593745276	0.07659179336612132	0.05157614773481244	0.03473086212314535	0.0
-0.54781	0.30009579610000003	-0.164395478061541	0.09005748683689278	0.70687	-0.3872304547	0.21212871538920702	-0.11620623157736149	0.0636589357203944	0.4996651969	-0.273721591513789	0.14994742504716876	-0.08214269891508952	0.04499859189267519	0.353198337732703	-0.19348558139335204	0.10599333634309219	-0.058064209582109325	0.03180815465117531	0.24966530899311576	-0.13676915291951874	0.07492350966084158	-0.04104384782730562	0.022484230278276292	0.0
-0.16187	0.026201896900000004	-0.004241301051203001	0.0006865394011582298	0.8019	-0.12980355300000002	0.021011301124110003	-0.0034010993129596867	0.0005505359457887844	0.6430436099999999	-0.10408946915069998	0.016848962371423807	-0.0027273415390623723	0.0004414747749280262	0.5156566708589999	-0.08346934531194632	0.013511182925644752	-0.0021870551801741163	0.0003540186220147842	0.413505084361832	-0.06693406800564974	0.010834617588074526	-0.0017537995489816237	0.0002838875329936554	1.0
0.48329	0.2335692241	0.11288167031528899	0.05455458244667602	-0.18494	-0.0893796526	-0.043196292305054	-0.020876336108109544	-0.010089324477688262	0.0342028036	0.016529872951844	0.007988722298896687	0.0038608695998337793	0.0018659196689036672	-0.006325466497783999	-0.003057034703714029	-0.001477434301957953	-0.000714029223793259	-0.0003450831835670442	0.0011698317741001727	0.0005653679981048725	0.0002732366998041038	0.00013205256464832532	6.381968396888916e-05	1.0
0.13191	0.0174002481	0.002295266726871	0.00030276863394155363	-0.51389	-0.0677872299	-0.008941813496109	-0.001179514618271738	-0.000155589773296225	0.26408293209999995	0.03483517957331099	0.004595108537515454	0.0006061407671836634	7.995602859919704e-05	-0.13570957797686897	-0.017901450430928785	-0.0023613803263438163	-0.00031148967884801277	-4.108860353684137e-05	0.06973979502653319	0.009199376361949993	0.0012134897359048235	0.00016007143106320525	2.111502247154741e-05	1.0
-0.48445	0.2346918025	-0.11369644372112499	0.055080242160699004	0.99927	-0.48409635149999997	0.23452047748417498	-0.11361344531720856	0.05504003358392169	0.9985405329	-0.483742961163405	0.23434927753561155	-0.11353050750212701	0.05499985435940543	0.997811598310983	-0.4833898288017557	0.23417820256301053	-0.11344763023165044	0.05495970446572306	0.9970831958442159	-0.4830369542267304	0.23400725247513954	-0.11336481346158134	0.054919583881463084	0.0
0.22984	0.0528264256	0.012141625659903997	0.002790631241672335	-0.41155	-0.094590652	-0.02174071545568	-0.004996886040333491	-0.0011484842875102495	0.16937340250000002	0.0389287828306	0.008947391445785104	0.002056468449899248	0.0004726587085248432	-0.06970562379887502	-0.01602114057393343	-0.0036822989495128603	-0.0008463395905560357	-0.00019452269149339925	0.028687349474427012	0.006593500403202304	0.0015154501326720177	0.00034831105849333644	8.005581368410846e-05	1.0
-0.13306	0.0177049636	-0.0023558224566160007	0.0003134657360773251	-0.4481	0.059624186	-0.00793359418916	0.0010556440428096299	-0.00014046399633624938	0.20079361	-0.026717597746600003	0.0035550435561625964	-0.0004730340955829952	6.294191675827335e-05	-0.089975616641	0.01197215555025146	-0.0015930150175164593	0.00021196657823074013	-2.8204272899382284e-05	0.0403180738168321	-0.00536472290206768	0.0007138300293491254	-9.498222370519465e-05	1.2638334686213202e-05	0.0
-0.59965	0.35958012250000004	-0.215622220457125	0.12929786449711503	-0.41886	0.251169399	-0.15061373011035	0.09031552326067138	-0.0541577035232616	0.1754436996	-0.10520481446514	0.06308606699402121	-0.03782956007296481	0.022684495697753354	-0.073486348014456	0.04406608858686854	-0.026424230021115724	0.015845289532162042	-0.009501627867960969	0.030780491729335044	-0.01845752186549576	0.011068052986644534	-0.006636957973441394	0.003979851848774132	0.0
-0.72638	0.5276279044000001	-0.38325835719807205	0.27839120550153557	-0.082602	0.060000440759999996	-0.043583120159248805	0.031657906821275145	-0.02299567035683784	0.006823090403999999	-0.0049561564076575195	0.003600052891394269	-0.0026150064192509695	0.001899488362815519	-0.0005636009135512079	0.0004093884315853264	-0.00029737156893494944	0.00021600476024296857	-0.00015690153774528752	4.655456266115687e-05	-3.381630322581113e-05	2.456348633716469e-05	-1.7842425205589688e-05	1.2960380820836237e-05	0.0
-0.59389	0.35270533210000005	-0.20946816968086904	0.12440105129177131	0.005117	-0.0030389351300000003	0.0018047931843557003	-0.0010718486242570068	0.0006365601794599938	2.6183689e-05	-1.5550231060210003e-05	9.23512672434812e-06	-5.484649410323104e-06	3.2572784382967885e-06	1.3398193661300001e-07	-7.957053233509459e-08	4.7256143448489327e-08	-2.8064951032623326e-08	1.666749376876467e-08	6.85585569648721e-10	-4.0716241395867895e-10	2.4180968602591986e-10	-1.4360835443393355e-10	8.528756561476879e-11	1.0
-0.39228	0.15388359840000002	-0.060365457980352005	0.023680161856532485	-0.25804	0.1012239312	-0.039708123731136004	0.015576702777250031	-0.006110428965459642	0.0665846416	-0.026119823206847997	0.010246284247582333	-0.004019412384641598	0.001576735090247206	-0.017181500918463998	0.006739959180295058	-0.002643951187246145	0.001037169171732918	-0.00040686072268738904	0.00443351449700045	-0.0017391790668833365	0.0006822451643569953	-0.0002676311330739621	0.00010498634088225386	0.0
-0.21947	0.0481670809	-0.010571229245123	0.0023200676824271446	-0.016813	0.0036899491100000005	-0.0008098331311717001	0.000177734077298253	-3.9007297944647586e-05	0.0002826769690000001	-6.203911438643002e-05	1.3615724434389795e-05	-2.9882430416155285e-06	6.558297003433599e-07	-4.752647879797001e-06	1.0430636301790477e-06	-2.289211749153956e-07	5.0241330258681876e-08	-1.1026464751872911e-08	7.990626880302699e-08	-1.753702881420033e-08	3.8488517138525465e-09	-8.447074856392184e-10	1.8538795187323928e-10	1.0
-0.49021	0.24030584409999997	-0.11780032783626099	0.05774689870861349	-0.3019	0.147994399	-0.07254833433378999	0.03556391897376719	-0.017433788720130412	0.09114361	-0.044679509058099996	0.0219023421353712	-0.010736747138180316	0.005263260814607372	-0.027516255859	0.013488743784640388	-0.006612317090668565	0.003241423961016637	-0.0015889784399299655	0.0083071576438321	-0.004072251748582933	0.0019962585296728398	-0.0009785858938309226	0.00047971259101485655	0.0
-0.72062	0.5192931844	-0.37421305454232806	0.26966541136429245	0.53874	-0.38822681880000004	0.27976401016365604	-0.20160354100413383	0.1452795437183989	0.2902407876	-0.209153316360312	0.15072006283556805	-0.10861189168056705	0.07826790138285022	0.156364321911624	-0.11267925765595449	0.08119892665203393	-0.058513570523988694	0.042166049190996736	0.08423971478666831	-0.06070482326956892	0.04374510974451676	-0.031523600984093667	0.02271653734115758	0.0
0.51786	0.2681789796	0.13887916637565598	0.07191996509929721	-0.5943	-0.30776419800000004	-0.15937876757628	-0.08253588857705235	-0.042742035258512334	0.3531924900000001	0.18290426287140005	0.09471880157058322	0.04905107858134222	0.025401591554133886	-0.20990229680700007	-0.10870000342447306	-0.05629138377339761	-0.029151056000891684	-0.01509616586062177	0.12474493499240014	0.06460041203516434	0.0334539693765302	0.01732447258132993	0.008971651370967518	0.0
-0.081221	0.006596850841	-0.0005358028221568611	4.351844101840241e-05	1.1089	-0.0900659669	0.0073152478975849	-0.0005941517494897433	4.8257599245306434e-05	1.22965921	-0.09987415069540999	0.008111878393631896	-0.0006588548750091763	5.35128518031203e-05	1.363569097969	-0.11075044570614015	0.00899526195069841	-0.0007306041708976756	5.934040136448011e-05	1.512061772737824	-0.12281116924353881	0.009974845977129465	-0.0008101669651084325	6.580257107307199e-05	0.0
0.72523	0.5259585529	0.38144092131966706	0.2766323993686622	0.44371	0.3217918033	0.23337306950725903	0.16924915119874948	0.1227445619238691	0.1968785641	0.142782241042243	0.10354996467106589	0.07509754087839712	0.054462989571239954	0.087356987676811	0.06335390817285363	0.04594615482419865	0.033321529863153586	0.02416577310265488	0.03876116900207781	0.02811076259537689	0.02038676835704518	0.014785096015579879	0.010722595183378997	1.0
0.20104	0.0404170816	0.008125450084863999	0.0016335404850610585	-0.60161	-0.1209476744	-0.024315320461376	-0.00488835202555503	-0.0009827542912175834	0.36193459209999995	0.07276333039578399	0.014628339942768414	0.0029408814620941613	0.0005912348091394103	-0.21774346995328098	-0.04377514719940761	-0.008800555592968906	-0.0017692636964104684	-0.00035569277352636065	0.13099664895859336	0.02633556630663561	0.005294502250286023	0.001064406732397502	0.00021398832948119382	1.0
-0.66302	0.43959552040000005	-0.29146062193560807	0.1932442215557469	-0.21418	0.14200562360000002	-0.09415256855927201	0.06242503600616854	-0.04138904737280987	0.045873072400000006	-0.030414764462648007	0.020165597134024882	-0.01337019421180118	0.008864706166308418	-0.009825094646632001	0.00651423425260995	-0.004319067594165449	0.002863628196283576	-0.0018986427666999371	0.002104338771415642	-0.0013952186922239992	0.000925057897318356	-0.0006133318870800165	0.00040665130777179254	0.0
0.322	0.10368400000000001	0.033386248	0.010750371856000002	0.69225	0.2229045	0.07177524900000001	0.023111630178	0.007441944917316002	0.47921006250000003	0.154305640125	0.04968641612025001	0.015999025990720502	0.005151686369012002	0.33173316576562506	0.10681807937653127	0.03439542155924307	0.011075325742076269	0.003566254888948559	0.22964228400125394	0.07394481544840377	0.023810230574386016	0.007666894244952297	0.0024687399468746396	1.0
-0.11578	0.013405008399999998	-0.0015520318725519998	0.00017969425020407053	-0.39693	0.0459565554	-0.005320849984211999	0.0006160480111720652	-7.132603873350172e-05	0.15755342490000002	-0.018241535534922002	0.002112004984233269	-0.0002445279370745279	2.831144455448884e-05	-0.062537680945557	0.007240612699876589	-0.0008383181383917115	9.706047406299236e-05	-1.1237661687013256e-05	0.02482308169771994	-0.0028740163989620145	0.00033275361867182203	-3.852621396982355e-05	4.460565053426171e-06	1.0
-0.74366	0.5530301956	-0.411266435259896	0.30584239724537426	-0.25804	0.1918940264	-0.142703911672624	0.10612319095446356	-0.07891957218519638	0.0665846416	-0.049516334572255995	0.03682331736800389	-0.027384028193889774	0.020364406406668072	-0.017181500918463998	0.012777194973024937	-0.009501888813639725	0.0070661746351513175	-0.005254831429176629	0.00443351449700045	-0.0032970273908393545	0.0024518673894715942	-0.001823355702854446	0.0013559567019847372	0.0
-0.75518	0.5702968324	-0.43067676189183196	0.32523847704547365	0.2902	-0.219153236	0.16550014076247999	-0.12498239630100964	0.09438420603859646	0.08421604	-0.0635982690872	0.0480281408492717	-0.036269891406553	0.027390296592400692	0.024439494808000003	-0.01845621768910544	0.013937766474458647	-0.01052552248618168	0.007948664071114681	0.007092341393281601	-0.0053559943733784	0.0040447398308879	-0.003054506625489924	0.0023067023134374807	0.0
-0.20795	0.0432432025	-0.008992423959875	0.0018699745624560062	0.17325	-0.0360273375	0.007491884833124999	-0.0015579374510483435	0.00032397309294550304	0.030015562499999995	-0.006241736221874999	0.0012979690473389062	-0.0002699126633941255	5.61283383528084e-05	0.005200196203124999	-0.0010813808004398436	0.0002248731374514655	-4.676236893303225e-05	9.724234619624054e-06	0.000900933992191406	-0.00018734922367620287	3.895927106346639e-05	-8.101580417647835e-06	1.6847236478498674e-06	1.0
0.39689	0.1575216721	0.06251877643976901	0.024813077181179925	0.82383	0.3269698887	0.129771079126143	0.0515048435943749	0.020441757374171456	0.6786958688999999	0.269367603407721	0.10690930811649038	0.04243123529835387	0.016840532977563667	0.5591300176758869	0.22191311271538275	0.08807509530560827	0.034956124575842865	0.013873736282906276	0.4606280824619259	0.18281867964831378	0.07255890576561926	0.028797904109316628	0.011429600161946678	0.0
-0.06394	0.0040883236	-0.00026140741098399994	1.6714389858316958e-05	-0.18494	0.0118250636	-0.0007560945665839999	4.834468658738095e-05	-3.091159260397138e-06	0.0342028036	-0.0021869272621839997	0.00013983212914404496	-8.940866337470232e-06	5.716789936178467e-07	-0.006325466497783999	0.0004044503278683089	-2.586055396389967e-05	1.6535238204517446e-06	-1.0572631307968456e-07	0.0011698317741001727	-7.479904363596504e-05	4.782650850083605e-06	-3.0580269535434563e-07	1.955302434095686e-08	1.0
0.29896	0.0893770816	0.026720172315136	0.00798826271533306	0.61915	0.185101084	0.05533782007264	0.016543794688916456	0.004945932860198464	0.38334672249999996	0.11460533615859998	0.034262411297975054	0.010243090481642621	0.0030622743303918786	0.23734912323587498	0.07095789388259718	0.021213571955141255	0.0063420094717090295	0.0018960071516621318	0.146954709651492	0.043933579997410044	0.013134383076025708	0.003926655164408646	0.0011739128279516088	0.0
0.82316	0.6775923856	0.557766948130496	0.4591314410230991	0.66301	0.5457633116	0.449250527576656	0.36980506428000015	0.30440873671272495	0.4395822601	0.361846533223916	0.2978575922885987	0.2451844556682829	0.20182603652790376	0.29144743426890096	0.23990786999278851	0.1974825622632638	0.16255974595262823	0.13381268047836545	0.19323256339462405	0.15906131688391872	0.13093291360616655	0.10777873716405205	0.08871914528396109	0.0
-0.28859	0.0832841881	-0.024034983843779004	0.006936255987476183	-0.060673	0.017509621070000002	-0.0050531015445913	0.0014582745747536035	-0.00042084345952814244	0.003681212929	-0.00106236123918011	0.00030658683001498797	-8.847789327402539e-05	2.5533835219950985e-05	-0.00022335023204121698	6.445664346477481e-05	-1.8601542737499362e-05	5.3682192186149414e-06	-1.549214384300086e-06	1.3551328628636757e-05	-3.9107779289382816e-06	1.1286114025122988e-06	-3.2570596465102433e-07	9.399548433863912e-08	0.0
0.46601	0.21716532009999998	0.10120121081980099	0.04716077625413546	-0.41886	-0.1951929486	-0.090961865977086	-0.04238913916398184	-0.01975376274180718	0.1754436996	0.081758518450596	0.03810028718316224	0.017755114830225436	0.008274061062033355	-0.073486348014456	-0.03424537303821664	-0.015958686289539333	-0.0074369073977882255	-0.0034656732164432907	0.030780491729335044	0.014344016950787424	0.006684455339236447	0.0031150230326375764	0.001451631883439437	0.0
-0.10426	0.010870147600000001	-0.0011333215887760002	0.00011816010884578579	0.99196	-0.1034217496	0.010782751613296001	-0.0011242096832022412	0.00011721010157066567	0.9839846415999999	-0.10259023873321599	0.0106960582903251	-0.001115171037349295	0.0001162677323540375	0.9760734050815358	-0.10176541321380093	0.010610061981670886	-0.0011062050622090067	0.00011533293978591104	0.9682257749046803	-0.10094721929156197	0.010524757083338252	-0.0010973111735088463	0.00011440566295003231	0.0
-0.40956	0.16773939359999998	-0.068699346042816	0.028136504165295714	-0.41155	0.168554418	-0.06903314743608	0.028273215863920925	-0.011579578289227451	0.16937340250000002	-0.06936857072790001	0.028410591827318723	-0.011635841988796657	0.004765575444931558	-0.06970562379887502	0.02854863528306725	-0.011692379066533021	0.004788730770489265	-0.001961272574361583	0.028687349474427012	-0.011749190850746327	0.004811998604831665	-0.0019708021485948567	0.0008071617279785094	0.0
-0.13882	0.0192709924	-0.002675199164968	0.00037137114808085775	0.54605	-0.07580266100000001	0.01052292540002	-0.0014607925040307764	0.0002027872154095524	0.29817060250000005	-0.04139204303905001	0.005746043414680922	-0.0007976657468260056	0.00011073195897438609	0.16281605749512504	-0.022602125101473258	0.0031376270065865174	-0.0004355653810543404	6.046518619796353e-05	0.08890570819521303	-0.012341890411659472	0.0017133012269465678	-0.00023784047632472254	3.3017014923397986e-05	1.0
0.085829	0.007366617241	0.000632269391177789	5.426704957539846e-05	-0.75512	-0.06481119448	-0.00556268001102392	-0.00047743926266617204	-4.0978134475374886e-05	0.5702062144	0.0489402291757376	0.004200490929924383	0.00036052393602447984	3.094340890504508e-05	-0.43057411661772804	-0.03695574585518298	-0.0031718747110045	-0.00027223883457080526	-2.3365986932377647e-05	0.32513512694037877	0.02790602281016577	0.0023951460317737177	0.00020557298876110644	1.7644124052377006e-05	0.0
-0.15035	0.022605122500000005	-0.0033986801678750006	0.0005109915632400064	-0.36769	0.05528219150000001	-0.008311677492025002	0.001249660710925959	-0.00018788648788771797	0.13519593610000002	-0.020326708992635004	0.0030561206970426734	-0.0004594877468003659	6.908398273143504e-05	-0.049710193744609006	0.0074739276295019644	-0.0011237050190956205	0.00016894904962102655	-2.5401489610521345e-05	0.018277941137955285	-0.0027480884500915774	0.0004131750984712687	-6.212087605515525e-05	9.339873714892593e-06	0.0
0.50634	0.2563801956	0.12981554824010402	0.06573080469589426	0.75804	0.38382597360000004	0.19434644347262403	0.09840537818792847	0.04982657919167569	0.5746246416	0.290955441027744	0.14732237800998793	0.07459521288157729	0.03777054009045784	0.43558846331846407	0.22055586251667111	0.11167625542669125	0.056546155172750856	0.028631580210170662	0.3301934787339285	0.16719016602213738	0.08465506866364904	0.04286424746715206	0.021703883062517772	0.0
0.52938	0.28024318439999996	0.14835513695767197	0.07853624240265238	-0.5212	-0.275912856	-0.14606274770928	-0.07732269738233863	-0.04093308954026242	0.27164944	0.1438057805472	0.07612790410607673	0.0403005898756749	0.021334326268384773	-0.14158368812799998	-0.07495157282120063	-0.039677863620087184	-0.02100466744320175	-0.011119450851082142	0.0737934182523136	0.03906475975440977	0.020680102518789444	0.010947632671396755	0.005795457783584013	1.0
0.051267	0.002628305289	0.000134745327251163	6.907988692185374e-06	0.69956	0.035864342519999995	0.00183865724797284	9.426244113182357e-05	4.8325525695051996e-06	0.48938419359999996	0.0250892594532912	0.00128625106439188	6.59422333181785e-05	3.3806604755230576e-06	0.34235360647481594	0.01755144234314439	0.0008998097946059834	4.6130548740064944e-05	2.36497484225691e-06	0.23949688894552223	0.012278287005570088	0.0006294709399145618	3.2271086676599834e-05	1.6544418006492438e-06	1.0
-0.51325	0.2634255625	-0.13520316995312498	0.0693930269784414	0.46564	-0.23898972999999998	0.1226614789225	-0.06295600405697312	0.03231216908224145	0.2168206096	-0.11128317787719999	0.0571160910454729	-0.02931483372908896	0.015045838411454909	0.100960348654144	-0.0518178989467394	0.026595536634414	-0.013650159177612984	0.007005944197909863	0.047011176747315614	-0.024128486465559738	0.012383945678448536	-0.00635606011946371	0.003262247856314749	1.0
-0.38076	0.14497817759999998	-0.055201890902975996	0.02101867198021714	0.91886	-0.3498651336	0.133214648269536	-0.05072280947510852	0.01931321693574232	0.8443036996000001	-0.321477076659696	0.12240561170894584	-0.04660716071429822	0.01774614251357619	0.775796897414456	-0.29539242665952825	0.11247362037488197	-0.042825455693940064	0.016306220510024616	0.712848737158247	-0.27142428516037415	0.10334751081766404	-0.03935059821893376	0.01498313377784122	0.0
0.14919	0.0222576561	0.003320619713558999	0.000495403255065867	-0.57968	-0.08648245919999999	-0.012902318088047999	-0.0019248968355558805	-0.0002871753588965818	0.3360289024	0.05013215194905599	0.007479215749279664	0.0011158241976350328	0.00016646981204517054	-0.19478923414323196	-0.029060605841828773	-0.004335551785542435	-0.0006468209708850758	-9.649922064634444e-05	0.11291542324814871	0.016845851994391304	0.0025132326590432386	0.0003749491804026607	5.5938668224272945e-05	0.0
-0.375	0.140625	-0.052734375	0.019775390625	0.50219	-0.18832125	0.07062046875	-0.026482675781250003	0.00993100341796875	0.2521947961	-0.09457304853750001	0.0354648932015625	-0.013299334950585938	0.004987250606469726	0.126649704653459	-0.047493639245047126	0.017810114716892672	-0.006678793018834753	0.002504547382063032	0.06360221517992058	-0.023850830692470217	0.008944061509676332	-0.0033540230661286245	0.0012577586497982342	1.0
